147.578155675618
170.40881292346
372.098924703049
147.043886726405
624.866312081767
154.821314579609
167.569646339202
70.6857924286474
506.594074583928
819.177000856282
500.161711667957
358.619693676508
91.5636477304063
488.783548817959
124.058076432206
425.446040153149
438.083233681067
359.435936611473
222.054494284459
396.689494884212
260.871427183085
181.609858755194
707.896126727318
466.372282798896
380.144811890389
278.808449116287
220.393081365617
166.306433940094
284.712722131867
102.586342353057
194.670327244893
157.495792335286
72.4265767405765
104.731551708354
43.6628332050656
45.6851568080842
293.203753728357
202.521731965902
213.180215636143
125.798585829777
381.547360683779
282.508820388372
331.516165650093
157.756458796602
422.594569010519
155.824753676165
272.243395267568
63.7356992465235
476.637136491989
419.10936330034
412.836840492267
364.008224788091
71.3309733401203
226.097468733835
319.120384685513
255.342639425147
321.459723925498
494.898425780061
470.219842380276
411.962967405294
151.103770734751
117.76492969403
356.30327132884
407.609963202075
203.973912967239
131.105225437827
375.521180292949
385.820278913705
164.897523998558
158.958547441952
403.385195344824
108.272334241436
519.151230455339
220.841001453911
314.441078021359
403.509190222078
449.793679266902
359.664964068923
708.82146891229
387.904840853605
399.116803568958
278.454106801088
411.938577002753
293.461799847776
80.3307571958869
46.6992343123307
148.908001026686
531.17759103576
153.905950166397
301.572539949925
323.513952620528
206.144816304874
366.220619264917
125.091735548575
190.432547704136
350.612634404942
110.595267834439
294.768588733215
614.397850745857
591.265875412796
116.280634059611
184.18522634992
175.521425125398
358.08175586608
249.284970855093
381.177044814856
184.734203982551
213.729640435028
499.017802822668
338.560100747791
374.571292457027
370.843005817734
172.06110724745
164.999138995991
130.15467510813
147.396637030797
315.535135403724
196.409422575561
249.428429907474
725.051241916534
212.492362144969
503.324905891989
203.881576623469
140.670151841269
488.263738960873
153.787163409476
290.293800459247
129.629491747957
369.23708004763
640.290046076496
637.8316487485
401.106155662605
316.122779114522
781.794713214556
301.202479739099
371.665466033759
1117.24730354882
33.0745859064378
359.072989541169
617.231945673371
310.078167097683
33.0990045182373
132.032769148158
155.642475666621
364.3416105424
349.955390334518
131.168895136203
291.302172024157
373.542641667083
168.961934520576
542.949006730095
165.797342087028
360.273409508382
223.079867827867
382.372180307784
174.534674009485
183.236409344922
334.370425201037
552.355298497637
246.239257422635
558.754992415966
480.133389824429
399.398926071686
237.361504422726
246.618506560575
333.951955266365
173.091721246696
279.101188455577
544.891451505098
122.803232697316
486.521514082012
186.146293478019
206.051234022558
104.204388743421
386.162502363607
559.863244760688
148.499883472791
340.368234350594
707.319589882515
325.637959479787
689.719341657323
218.749651955141
183.255778220486
201.395817274252
371.645184878739
152.776680808557
270.853544893459
350.295858819554
181.892687397875
431.752473213373
272.611394158896
818.348585871828
110.997454411514
220.773934072391
453.748060807832
393.729970222991
334.903742090307
146.116652331012
191.955761281748
300.420142830416
131.262872846749
236.077742746986
161.425572363517
373.67198667927
513.524786161078
398.972257683548
238.468379004226
113.433972068854
216.503272409551
178.376428573543
350.24587151337
202.63276650479
242.152718523129
432.233665133011
266.736858358047
170.727382230288
279.148496219857
201.358634860868
370.738639121997
252.800134330231
357.551800083713
271.884368269992
169.95986668253
238.687182735705
129.432923434136
200.98878407723
179.511822338196
396.023418436614
158.733227901745
362.425170691953
193.992754202859
232.98194160035
276.768932177927
625.948872238625
297.512345994553
127.078065211471
451.176364927702
113.322876140348
455.910093349195
371.872064459864
276.659280548836
579.338593012674
346.576518290519
193.337521087513
219.838511543911
146.300548804625
173.904286238858
308.238147392219
417.121370238078
296.765805339512
401.590552444806
506.737053012806
539.825206992756
259.485452789716
463.997550363634
240.865007798566
635.683853600504
265.363903011158
134.177734731412
541.792374810954
207.129455157747
87.426856087821
750.635618032507
207.93368699952
130.877823935819
340.175726186867
437.745726748811
597.440361410538
293.864625951135
229.830582507956
265.961180793198
488.752723397358
220.07189930731
298.366434809347
203.437920574657
97.3654614632873
161.349688143023
319.834097372372
394.297692822448
270.767819743019
281.603675960128
46.0377918008614
237.444561221595
595.941777287048
704.066240183839
538.873256539355
420.170066177836
645.713188639265
263.523666024931
609.450870327564
467.663161864388
264.560802998665
150.156353710858
329.46845282654
108.936998250817
110.809265629448
306.425370491327
139.044121119459
653.917703081579
525.816253289323
255.768049516974
174.738698738749
127.998111248283
221.203319655529
153.323316418411
86.1259624786363
191.740386181564
116.466910235799
244.063138669691
308.238346143977
200.618157663543
232.768222652221
187.185954912337
1163.88506713165
515.65908889081
141.52061040177
369.732691796149
270.478218010836
406.448327339833
157.891967057354
222.441315864563
228.371421554067
555.466598600943
472.70898673435
385.884136056203
309.983881128315
468.691148492526
178.077933163909
440.714355837622
326.422641675223
305.024121206139
346.663726274784
282.622380032073
272.654339653854
321.39891047445
254.481621719689
249.846642096747
151.928931533851
648.082780622925
602.884128881429
296.949918425993
157.387393132414
97.6348347242393
123.625505965103
133.139642341745
980.675895231467
173.223357984857
267.589328023914
461.072915467996
148.229672630898
85.3374838306753
447.703731758468
546.498133419032
295.996612987413
410.838329549102
126.922891410316
152.489717265119
1261.95610143196
436.441084449648
341.653261276595
276.798666134923
490.325262619957
636.897181497119
90.2649715728464
605.216599913081
372.30801718702
255.555961104879
521.304317469028
185.410115648405
558.49202109392
169.759736193752
404.962821334706
204.743086413489
230.483113619497
409.215481681569
288.807838459264
96.9426997100889
314.067571830322
94.714934637202
631.744726684486
265.730038817343
157.580669985882
220.325576563091
439.994710902093
202.702404174706
420.724590848576
345.26300577784
337.074516534699
148.996606337732
201.362373685883
276.091004701879
108.890468547714
417.832614407288
484.258273905418
509.147820413182
208.031699171753
92.8757794143898
106.707673116296
277.498593688159
78.6678109521853
485.281011282564
341.071977520302
305.118575517261
140.404860307291
318.273707802159
635.043926125859
339.301990279607
96.5373358305896
223.201964328902
126.576875223947
303.133131015759
520.978203874284
354.323015019067
464.273660658157
398.92021713513
113.434210907965
119.295395829218
628.814493657565
442.532632361405
178.920864498764
192.638698064563
584.954010199424
233.877810414627
188.083507813108
140.380938779698
594.874205701539
273.142971903637
336.350822151476
214.88393464039
704.96149018788
413.540645673045
113.545319196844
312.781591893593
643.181134266951
201.788994662652
235.689627274207
408.831276977031
663.693785292304
144.84694139347
208.586219187805
41.1688562281615
259.397107312708
243.782651398506
168.880115849328
217.902374411569
202.505163921745
366.085241685333
42.5956163261287
461.152845043592
227.809240849037
185.306930694418
519.893846864532
211.954148539842
213.379623013789
105.421566530189
316.608620841542
48.4689071687028
523.892094115403
366.990723820614
376.292160299032
512.853643387521
332.560057608539
59.6070832792236
460.412770299167
368.216474248985
184.718725271494
304.871045892821
297.613018268517
311.861821236089
240.661575645634
194.610762065443
482.889503393979
22.6102330172364
410.76196990412
485.26825058064
162.34992255364
97.2801381287141
214.387748244118
196.714353059121
681.285846774827
143.90685897599
191.873388641701
263.203068171639
281.909269796637
121.82001037293
251.736222569602
114.903288494059
174.645191837002
347.183451859252
805.407481474291
403.602603148501
190.400868047134
138.402267824095
267.961451549435
352.35875614671
256.597655512637
233.2168874077
418.840822628237
828.710111283252
115.7786163607
82.0756032020086
34.7852905615794
279.513643114654
331.984402058379
281.426095406419
147.371931346607
373.019759862689
154.9953628079
250.834530289172
391.646524814588
198.872412068728
280.488006207078
614.734436623148
213.39214467581
472.498676717162
319.853703938938
169.059396126748
337.661435440598
261.081750422474
238.887423314617
123.350277098624
682.702893982913
339.308894875567
106.096985055897
253.993819016757
341.511014371684
254.286348864023
293.726914272978
490.726927523989
40.2892409066117
324.269941128932
391.664980465656
279.370871708927
44.4910890972725
143.135371227904
305.831185028635
204.587730838749
247.23805644131
135.236404559301
686.9546195998
138.787910297452
337.009068646749
63.3448175792881
174.259534251252
275.34364327811
400.330280045626
151.988891350479
410.282098973952
691.966748139722
282.107280378134
695.229257801914
402.250506312495
412.99654124945
169.711232895103
77.1014751955704
267.390330389037
101.277782539974
159.785390114571
286.095192174464
513.361374482381
344.22300088342
184.370283401291
588.22246897482
508.188587058332
44.2398727664167
676.938788898435
324.829380366291
321.65241226444
99.2553861490841
366.092131670765
385.984405535898
166.535960033024
220.805007837235
216.455754023601
1105.22598084235
179.190905541297
451.039037815436
384.122166651353
72.2508519573995
243.497410607196
225.768980459413
130.233131012055
235.506256831874
162.43376234402
266.398450813164
366.37343842892
337.076693597056
420.515323975728
571.804360607263
200.266586242437
220.109928890969
93.9146234058186
502.654921711077
44.1029266829175
133.921878677199
177.073969330199
253.016770430218
226.830157009212
103.859243623432
446.431974878322
147.935828484025
126.678278487313
114.646431045237
374.125485985137
121.099790142224
41.2434416810504
240.252603352899
244.680446936417
340.675660205026
191.297273651045
184.903356172025
194.646620924823
186.740179937507
56.7259314568474
85.6532983082068
181.850853291506
505.545029852063
251.084143194529
101.45453117193
30.2372813017649
268.612065174083
120.345765031322
238.397770675111
283.860029869914
338.032212263011
237.429534911345
350.297745459762
220.053795873183
353.16904720388
316.218269315636
724.485721118542
384.583391573663
381.646699368871
190.537197221396
34.9124679405498
195.61456601994
483.747315971257
137.762298572887
228.908483062975
435.365455809314
568.391229675036
371.93262689686
352.412295592573
123.695226150382
382.02175100953
126.724187278021
169.940277126342
522.460329988612
106.331545607219
680.094083178282
196.617680284545
118.193559822146
356.177424156281
125.064487436347
339.982548660865
614.469162562789
608.619831834575
213.939619030124
209.750959849728
110.013642694803
178.412558012532
162.017974084368
197.042184630451
172.347747599477
267.465474287909
280.033766997595
200.110005381388
296.141098035453
170.131893297543
140.180958199122
244.572375818413
130.71190087149
222.728797983542
337.539680193244
268.882496983559
308.650246030908
182.047126348071
124.961123065692
835.153050342982
402.354839572263
236.190753453954
276.702509366033
534.758773314553
198.162871414671
232.561487100334
219.888335643306
296.908669106186
349.565730737003
403.008036554521
209.613309815495
389.711542061938
232.03003288631
100.235573968858
146.110497396796
363.332074766239
200.048254492951
363.274961803594
235.82505032615
236.825594671698
459.469675762288
418.554587087146
109.537974701629
268.142034073617
153.981323951406
239.35152670901
127.423032670808
183.011635054174
133.315448241637
224.462831314004
224.709278198663
245.613859313091
132.660662786707
429.297413021049
142.610923119249
111.654700758206
232.29472656045
364.296270950866
274.590205279854
431.743044839412
412.233221632649
90.9199479423516
274.603911267025
383.897250501156
476.602577148089
173.229702349129
170.848687499394
416.723560021242
196.483048145761
190.030331095443
143.791387489736
374.035350748586
267.208586534349
435.191082541991
518.254005515288
236.334583520338
376.797282473112
145.036465643453
446.414334439984
545.062964610801
82.6961960076611
42.0150666501995
142.127833490247
402.164857399732
90.7047827938917
369.059053923236
230.03918177691
272.541505249633
295.308489396671
180.916813370215
210.518527998989
480.215780670744
382.837404995148
177.713567144895
348.915687751919
291.648748286678
182.753825469781
34.9621222743223
192.627085987438
362.657763870726
422.775935231083
625.597026165306
92.4633510792421
112.280420612587
69.722350106663
486.929213891467
332.645742780929
255.969982903077
460.53605666273
689.133651065711
575.607973839949
219.440515661411
258.848717644137
675.091963580681
236.691120784277
327.589691042059
589.02680487159
248.605000495936
258.590858037382
426.340512095379
453.21026062655
164.31618109644
446.911176621673
441.41985458163
284.983611788099
92.1547346595273
126.394030423567
367.736610143505
341.208814144678
1293.27924646609
249.733582773211
148.463249968357
480.353309227541
253.708552039243
475.050248857669
723.064995036254
466.662981003893
241.930720739289
501.471494257783
365.888214948675
89.2499608674521
182.264041904103
55.5321275486706
99.6775722881966
451.699292722597
142.866909828024
365.344598758717
427.598830539438
236.556123579969
159.737341553245
179.325428938482
342.537313989135
184.044810403443
205.904171379029
190.566138716582
195.102355676089
509.973951446184
549.005558577504
300.204581362991
366.894372056522
318.920211555152
856.198413031263
211.81641342417
412.167249333672
336.169142446973
376.279217429996
453.596432852956
213.784918213803
132.617849237436
122.649099703941
208.036235727883
207.503878981762
278.119474150898
171.143241043274
80.6971087633561
610.29318884856
145.766481863582
355.024633946459
385.372537672384
178.789571939524
545.71508132732
257.896949371427
310.959468691988
347.865934141552
226.813858276108
314.645883323727
67.912152719476
243.786072704665
314.273423822965
533.087528341444
256.330917837964
270.560126507011
185.662228889625
131.218349731099
243.387452953976
54.4079688956337
151.87621923886
434.29797424336
150.055897971629
575.698826222313
257.113118988116
376.647211269612
257.571838264981
39.603368798687
731.066005292105
309.170397946925
338.221060141381
108.766136598031
185.484586928624
833.665111202246
195.576638737289
390.663183069014
456.800044727306
499.555817624902
369.548524377048
250.423281140422
129.605875859487
278.287177352124
265.24318228384
390.371948308353
178.553137185637
201.271787961844
185.914282297207
339.217938071994
53.6559992191556
375.577744364562
82.6736952107722
676.165960595582
106.176585854806
163.277594241595
215.385126473672
545.999092173938
584.845648937078
287.05302965889
290.096703138415
297.508663045903
147.592563357502
125.723426831104
264.453497761211
172.585415250293
160.420491334977
286.786754147508
73.9130846273344
371.973742366277
453.381867877453
402.125245963266
89.768983248101
352.079875262816
114.375533216282
337.852531877218
187.024605999802
203.98990455663
271.288094398749
265.429118447467
360.716648517944
319.250660141073
268.414609846173
544.365868655823
81.9466326529764
416.112245582436
183.028947537347
419.691337963429
939.456242730597
396.012317787145
291.873921474406
208.744880212732
257.778887805733
221.693953141248
568.374833618174
515.414099156626
224.71658206276
221.200564915748
569.588345575322
111.445106663129
240.544098717377
276.382856985446
397.840469033406
273.112421196016
167.986869353015
232.646496562144
281.81273559008
319.561747211279
167.554020722288
106.533790542085
189.009843498223
600.681129451807
442.314344521254
482.578909608042
115.277328259603
374.863507053161
88.3854356999955
263.474753911598
241.131169518774
467.739439781387
313.149117424361
135.513395571336
97.0214601340046
96.5827666872425
386.783673345325
140.564771119716
396.763369535247
81.6891671540504
129.652086235491
78.9156533903798
358.843237524026
232.929621506165
501.501505462964
381.71854113069
251.840970904631
234.916581976776
246.239663201703
147.045084751061
276.75430629806
239.847161101571
269.241952010771
91.2627047505122
462.351605775171
443.616880596868
205.331870147027
172.846180709057
132.993734198005
63.5520518450393
220.26638595696
221.370590469438
498.466539891403
343.009866452083
296.602888907247
127.948431157314
407.837721826798
155.815843719869
208.021202748866
321.01769189348
382.42755215219
125.232882041916
467.316250637708
334.072914281325
346.591137994037
285.404883622658
423.165739766531
104.980413042533
520.572730884036
