392.325943649013
332.780477755261
366.614931174641
423.288731328646
352.397127512421
270.847490066914
474.155136013572
164.662738005793
82.3864841975677
167.077313492662
551.643299619907
349.95549996238
94.9004708237741
181.335636245115
260.430258223022
246.832252470807
273.180861145668
205.813294674086
77.7401311487024
154.204086406369
126.537109860701
231.251137646967
145.676565646735
62.4656883679095
768.623042001811
282.531779361706
568.642457166474
146.235646156648
614.216053697301
189.10638016345
333.948620618662
473.100994132965
91.127286900086
88.820860743537
102.420096672991
183.515716978153
186.305267958598
485.225595510531
70.1584829736812
129.468819163812
514.070704372171
249.515274056138
202.999120288657
280.068607106507
442.343395313357
365.622272420793
376.47651849352
79.8702657186094
365.732188602127
616.189683438702
558.555807432305
458.23657766651
231.037234176282
241.43762422139
296.895934919706
190.004551241014
590.798921239543
188.594238778486
268.22142950168
189.787950955517
418.983828357891
321.85543037157
231.655987021299
245.95339059625
273.314676217798
396.582555312028
338.685338805176
648.414109565415
106.261959105037
454.910476159991
131.125841236124
146.011960334346
348.429727795196
698.765331498156
354.303572415921
295.827237034851
316.019859245725
394.022441086881
627.839131330931
278.62395737185
405.109615576304
159.875653164698
334.362297441757
536.480490927727
58.6158940924583
244.854207184465
228.708790656009
129.632174295724
102.26600239716
100.7974608318
82.292422001338
802.700666483926
378.683519801561
407.030488908005
105.043708561438
124.30946790784
325.858507054855
194.012469767341
696.160816086498
736.65104316808
