394.333898725665
519.595197958679
593.852320546691
214.890525054207
251.252584879315
360.48808192539
224.439237884552
298.699461735386
50.7536293107356
223.108049976215
112.85459652615
373.467682478155
179.521491735759
327.874711748559
416.367582027909
318.176871281898
299.312175943522
602.47531010023
391.332771725907
726.309410316849
314.100236078322
646.265632661274
346.642233048424
182.931598190777
207.084737922833
172.729351249999
772.332621922822
641.990896131174
264.403631983337
217.746378451457
