"station" "r1" "r2" "r3" "r4"
"1" 1 85 82 80 80
"2" 2 98 86 84 82
"3" 3 75 74 74 70
"4" 4 95 94 89 86
"5" 5 88 87 86 80
"6" 6 93 91 84 84
"7" 7 108 99 86 79
"8" 8 101 94 90 88
"9" 9 81 80 78 76
"10" 10 89 89 86 86
"11" 11 74 73 71 69
"12" 12 102 94 89 84
"13" 13 66 64 62 62
"14" 14 88 84 82 80
"15" 15 100 97 96 92
"16" 16 72 71 69 69
"17" 17 82 75 74 74
"18" 18 86 84 78 76
"19" 19 83 83 79 79
"20" 20 138 119 104 102
"21" 21 113 107 107 106
"22" 22 144 124 123 107
"23" 23 141 118 112 110
"24" 24 137 125 98 98
"25" 25 99 98 98 97
"26" 26 145 114 108 103
"27" 27 103 99 93 89
"28" 28 151 120 113 110
"29" 29 153 126 108 104
"30" 30 143 129 100 97
"31" 31 125 108 105 102
"32" 32 123 108 101 99
"33" 33 115 99 93 86
"34" 34 119 111 110 104
"35" 35 121 112 100 100
"36" 36 115 107 100 100
"37" 37 117 105 100 90
"38" 38 122 114 108 89
"39" 39 128 115 114 97
"40" 40 114 103 96 96
"41" 41 78 75 74 72
"42" 42 88 80 79 79
"43" 43 102 95 93 92
"44" 44 94 92 91 89
"45" 45 76 76 74 73
"46" 46 107 105 105 105
"47" 47 97 90 88 86
"48" 48 86 85 81 80
"49" 49 96 90 84 82
"50" 50 91 90 87 86
"51" 51 97 96 93 92
"52" 52 144 119 114 110
"53" 53 112 90 87 87
"54" 54 84 77 70 69
"55" 55 83 82 78 77
"56" 56 88 87 86 83
"57" 57 93 90 89 83
"58" 58 118 99 89 87
"59" 59 85 83 79 78
"60" 60 96 81 80 77
"61" 61 101 87 86 83
"62" 62 97 96 92 91
"63" 63 87 84 78 74
"64" 64 82 77 75 75
"65" 65 84 77 77 74
"66" 66 92 84 81 77
"67" 67 105 94 89 88
"68" 68 107 95 95 95
"69" 69 79 76 76 76
"70" 70 78 77 73 73
"71" 71 90 88 81 78
"72" 72 79 78 76 75
"73" 73 98 90 83 83
"74" 74 79 78 76 76
"75" 75 85 81 78 76
"76" 76 101 89 85 84
"77" 77 112 102 99 89
"78" 78 112 106 100 92
"79" 79 101 91 87 83
"80" 80 92 89 88 80
"81" 81 81 79 79 78
"82" 82 89 84 81 77
"83" 83 104 97 92 92
"84" 84 104 94 91 89
"85" 85 100 91 89 82
"86" 86 108 93 89 88
"87" 87 103 101 99 95
"88" 88 80 78 71 71
"89" 89 83 81 75 73
"90" 90 76 73 73 73
"91" 91 71 71 69 66
"92" 92 87 86 81 80
"93" 93 76 76 75 72
"94" 94 77 74 74 72
"95" 95 90 81 75 75
"96" 96 82 78 72 72
"97" 97 82 81 74 73
"98" 98 90 88 87 86
"99" 99 90 90 88 87
"100" 100 112 106 102 98
"101" 101 99 94 89 89
"102" 102 110 107 90 84
"103" 103 122 99 98 96
"104" 104 101 99 91 88
"105" 105 89 87 85 81
"106" 106 101 100 99 92
"107" 107 97 96 95 95
"108" 108 113 108 99 97
"109" 109 97 87 85 82
"110" 110 90 86 86 85
"111" 111 105 96 92 90
"112" 112 94 93 87 86
"113" 113 95 90 88 87
"114" 114 101 100 95 91
"115" 115 97 91 89 88
"116" 116 94 88 87 85
"117" 117 109 102 94 92
"118" 118 106 99 92 92
"119" 119 105 102 94 94
"120" 120 105 102 94 94
"121" 121 99 88 87 84
"122" 122 88 88 87 86
"123" 123 100 96 94 92
"124" 124 109 98 98 96
"125" 125 108 97 96 95
"126" 126 72 69 69 68
"127" 127 75 69 68 65
"128" 128 68 67 64 60
"129" 129 68 66 66 64
"130" 130 82 75 74 73
"131" 131 83 76 75 74
"132" 132 71 69 65 63
"133" 133 67 65 64 58
"134" 134 93 91 89 81
"135" 135 78 76 74 74
"136" 136 86 86 83 81
"137" 137 113 88 87 86
"138" 138 111 92 89 86
"139" 139 102 99 90 89
"140" 140 86 84 83 82
"141" 141 99 97 91 87
"142" 142 88 88 80 77
"143" 143 96 89 84 82
"144" 144 89 87 84 78
"145" 145 91 87 84 79
"146" 146 95 87 86 85
"147" 147 74 74 72 71
"148" 148 77 77 77 75
"149" 149 92 92 86 82
"150" 150 105 99 91 90
"151" 151 100 98 95 92
"152" 152 102 100 91 89
"153" 153 97 90 83 80
"154" 154 96 95 92 84
"155" 155 74 68 68 66
"156" 156 102 97 93 93
"157" 157 94 91 87 85
"158" 158 99 89 88 86
"159" 159 91 85 84 83
"160" 160 83 82 79 77
"161" 161 109 108 98 86
"162" 162 65 63 63 62
"163" 163 70 65 64 64
"164" 164 83 81 75 73
"165" 165 76 73 73 73
"166" 166 112 97 88 87
"167" 167 92 90 84 83
"168" 168 88 85 83 81
"169" 169 96 87 85 85
"170" 170 89 85 85 84
"171" 171 86 86 84 84
"172" 172 79 75 75 74
"173" 173 135 124 120 114
"174" 174 149 132 120 120
"175" 175 127 109 107 95
"176" 176 119 105 103 103
"177" 177 97 96 91 88
"178" 178 104 97 95 94
"179" 179 138 130 124 123
"180" 180 112 107 105 102
"181" 181 111 110 107 105
"182" 182 137 111 110 109
"183" 183 138 123 121 118
"184" 184 121 114 108 105
"185" 185 108 106 99 97
"186" 186 141 121 118 110
"187" 187 118 116 113 96
"188" 188 119 108 101 101
"189" 189 120 116 111 107
"190" 190 116 105 102 93
"191" 191 90 82 79 78
"192" 192 97 94 93 93
"193" 193 109 98 95 93
"194" 194 98 92 83 82
"195" 195 130 120 117 111
"196" 196 105 102 101 96
"197" 197 104 101 100 100
"198" 198 102 95 91 91
"199" 199 81 81 80 78
"200" 200 90 81 80 77
"201" 201 90 88 82 80
"202" 202 88 81 78 77
"203" 203 111 110 100 92
"204" 204 109 96 95 92
"205" 205 88 78 77 77
"206" 206 93 92 90 86
"207" 207 98 93 89 84
"208" 208 86 86 85 80
"209" 209 101 84 80 75
"210" 210 94 88 80 80
"211" 211 99 99 96 88
"212" 212 108 99 87 83
"213" 213 85 83 83 79
"214" 214 83 76 74 74
"215" 215 85 84 81 75
"216" 216 82 80 79 76
"217" 217 82 80 78 78
"218" 218 80 79 78 78
"219" 219 84 81 78 77
"220" 220 107 99 97 96
"221" 221 111 102 100 98
"222" 222 97 90 88 83
"223" 223 70 66 65 65
"224" 224 79 71 68 68
"225" 225 75 74 74 73
"226" 226 109 98 86 84
"227" 227 89 84 84 81
"228" 228 97 94 92 90
"229" 229 112 103 93 90
"230" 230 95 92 85 84
"231" 231 84 83 82 80
"232" 232 100 97 81 81
"233" 233 93 85 82 76
"234" 234 95 88 84 79
"235" 235 99 99 92 87
"236" 236 89 84 83 83
"237" 237 83 77 77 77
"238" 238 83 82 81 78
"239" 239 98 87 87 84
"240" 240 67 63 61 59
"241" 241 56 54 53 53
"242" 242 100 79 79 75
"243" 243 125 120 116 106
"244" 244 115 107 102 97
"245" 245 117 108 103 99
"246" 246 128 120 119 117
"247" 247 113 108 106 104
"248" 248 106 100 98 97
"249" 249 120 120 108 106
"250" 250 111 110 106 105
"251" 251 108 107 107 103
"252" 252 115 107 107 106
"253" 253 107 103 103 102
"254" 254 117 115 114 107
"255" 255 123 111 111 95
"256" 256 105 102 101 98
"257" 257 150 131 117 113
"258" 258 100 95 92 89
"259" 259 91 88 77 77
"260" 260 101 98 91 89
"261" 261 110 104 96 96
"262" 262 100 95 89 88
"263" 263 77 76 75 73
"264" 264 100 99 93 90
"265" 265 84 82 76 74
"266" 266 83 81 78 77
"267" 267 126 117 115 113
"268" 268 92 89 88 88
"269" 269 102 100 97 96
"270" 270 138 132 125 123
"271" 271 86 81 81 78
"272" 272 119 114 113 106
"273" 273 118 113 110 98
"274" 274 84 82 82 81
"275" 275 88 87 86 83
"276" 276 90 89 87 82
"277" 277 100 100 99 97
"278" 278 93 89 86 81
"279" 279 83 80 79 78
"280" 280 79 78 76 75
"281" 281 85 84 82 80
"282" 282 86 86 85 84
"283" 283 92 85 81 80
"284" 284 98 97 96 95
"285" 285 95 92 91 90
"286" 286 94 92 87 86
"287" 287 93 89 89 86
"288" 288 105 94 93 93
"289" 289 90 83 79 78
"290" 290 91 89 87 84
"291" 291 98 97 93 90
"292" 292 103 102 94 93
"293" 293 87 84 84 83
"294" 294 86 83 82 80
"295" 295 100 99 93 92
"296" 296 102 100 98 98
"297" 297 104 102 100 99
"298" 298 89 88 86 84
"299" 299 87 85 81 80
"300" 300 87 86 85 82
"301" 301 99 94 94 93
"302" 302 90 87 87 85
"303" 303 80 76 71 71
"304" 304 85 85 84 83
"305" 305 109 107 106 105
"306" 306 110 99 95 95
"307" 307 107 103 102 102
"308" 308 112 91 89 87
"309" 309 98 94 87 83
"310" 310 91 90 88 88
"311" 311 120 103 98 98
"312" 312 99 91 90 90
"313" 313 98 96 96 93
"314" 314 117 95 94 93
"315" 315 71 70 69 66
"316" 316 114 104 104 97
"317" 317 115 99 97 96
"318" 318 84 80 76 76
"319" 319 105 97 95 95
"320" 320 78 76 74 73
"321" 321 90 87 85 84
"322" 322 96 93 91 90
"323" 323 95 90 90 88
"324" 324 104 103 100 92
"325" 325 96 94 86 86
"326" 326 106 102 92 92
"327" 327 105 102 91 89
"328" 328 101 100 93 88
"329" 329 105 103 96 96
"330" 330 89 88 87 87
"331" 331 81 79 79 76
"332" 332 88 87 82 82
"333" 333 96 96 91 82
"334" 334 102 94 92 88
"335" 335 97 91 89 86
"336" 336 89 88 87 84
"337" 337 108 105 93 91
"338" 338 104 96 92 91
"339" 339 106 103 99 93
"340" 340 93 92 85 81
"341" 341 98 98 97 86
"342" 342 94 83 83 78
"343" 343 106 90 89 88
"344" 344 108 108 98 94
"345" 345 89 85 85 85
"346" 346 88 87 81 81
"347" 347 88 86 85 83
"348" 348 99 96 93 93
"349" 349 92 90 88 88
"350" 350 89 87 87 86
"351" 351 95 82 80 79
"352" 352 85 84 83 80
"353" 353 102 98 91 85
"354" 354 101 92 86 85
"355" 355 94 93 91 90
"356" 356 99 92 91 85
"357" 357 97 97 91 89
"358" 358 98 92 89 88
"359" 359 106 90 89 89
"360" 360 97 93 91 89
"361" 361 95 93 91 87
"362" 362 91 90 86 85
"363" 363 99 87 86 86
"364" 364 90 86 86 84
"365" 365 90 86 85 82
"366" 366 98 90 87 85
"367" 367 94 89 89 82
"368" 368 99 95 94 91
"369" 369 100 100 93 92
"370" 370 97 92 91 91
"371" 371 73 64 61 60
"372" 372 111 104 101 94
"373" 373 97 90 90 85
"374" 374 97 89 84 84
"375" 375 103 90 88 84
"376" 376 91 87 81 81
"377" 377 103 100 100 87
"378" 378 112 105 96 91
"379" 379 100 99 98 97
"380" 380 115 108 106 89
"381" 381 118 113 110 109
"382" 382 102 91 89 86
"383" 383 93 90 88 83
"384" 384 91 88 86 86
"385" 385 105 97 93 90
"386" 386 118 105 103 96
"387" 387 108 100 98 96
"388" 388 127 113 102 102
"389" 389 112 98 97 93
"390" 390 117 110 109 94
"391" 391 106 104 100 99
"392" 392 110 107 99 99
"393" 393 103 100 94 84
"394" 394 106 106 93 93
"395" 395 118 115 106 102
"396" 396 81 80 78 77
"397" 397 98 94 89 87
"398" 398 103 101 98 92
"399" 399 100 91 88 88
"400" 400 94 87 86 86
"401" 401 122 118 107 102
"402" 402 95 91 90 86
"403" 403 113 103 102 101
"404" 404 85 82 80 80
"405" 405 105 103 103 96
"406" 406 80 78 77 76
"407" 407 62 61 60 59
"408" 408 99 98 94 92
"409" 409 87 81 79 79
"410" 410 119 114 108 108
"411" 411 103 99 94 93
"412" 412 101 94 91 90
"413" 413 81 75 69 67
"414" 414 104 99 97 96
"415" 415 119 116 102 102
"416" 416 82 76 75 75
"417" 417 102 102 94 94
"418" 418 108 108 103 100
"419" 419 104 102 99 89
"420" 420 98 96 88 85
"421" 421 109 108 92 88
"422" 422 103 103 97 95
"423" 423 86 79 79 79
"424" 424 94 94 92 90
"425" 425 93 89 88 87
"426" 426 97 87 86 85
"427" 427 84 82 79 74
"428" 428 72 70 62 62
"429" 429 93 91 88 83
"430" 430 94 94 93 91
"431" 431 99 97 92 90
"432" 432 84 83 81 79
"433" 433 92 86 86 85
"434" 434 88 84 80 79
"435" 435 83 83 81 80
"436" 436 90 89 85 82
"437" 437 100 98 89 89
"438" 438 96 90 84 83
"439" 439 69 69 69 68
"440" 440 94 89 89 89
"441" 441 86 85 84 82
"442" 442 74 73 73 72
"443" 443 91 87 83 81
"444" 444 87 87 86 84
"445" 445 111 107 101 99
"446" 446 85 79 79 78
"447" 447 94 87 85 84
"448" 448 104 99 99 98
"449" 449 100 83 83 83
"450" 450 93 89 85 83
"451" 451 90 88 88 87
"452" 452 94 92 90 89
"453" 453 87 87 85 82
"454" 454 107 102 99 98
"455" 455 112 100 95 94
"456" 456 109 97 97 97
"457" 457 88 81 81 79
"458" 458 94 91 86 86
"459" 459 109 97 92 91
"460" 460 97 97 96 94
"461" 461 96 89 85 85
"462" 462 107 97 92 89
"463" 463 98 93 90 89
"464" 464 93 92 90 82
"465" 465 93 91 89 89
"466" 466 111 110 103 100
"467" 467 104 103 96 92
"468" 468 111 96 96 93
"469" 469 98 89 86 85
"470" 470 104 93 92 92
"471" 471 92 88 87 87
"472" 472 98 92 84 82
"473" 473 126 114 110 94
"474" 474 103 95 93 92
"475" 475 111 107 103 101
"476" 476 94 92 91 91
"477" 477 88 85 81 80
"478" 478 113 102 90 89
"479" 479 118 108 105 94
"480" 480 105 96 91 81
"481" 481 95 88 88 83
"482" 482 94 93 90 89
"483" 483 124 104 103 100
"484" 484 104 102 99 98
"485" 485 83 82 82 80
"486" 486 96 93 89 85
"487" 487 96 93 89 85
"488" 488 88 87 83 81
"489" 489 90 86 86 83
"490" 490 100 92 86 86
"491" 491 89 86 85 84
"492" 492 98 93 92 92
"493" 493 90 83 82 82
"494" 494 109 106 105 85
"495" 495 103 101 99 98
"496" 496 101 100 99 91
"497" 497 98 94 93 88
"498" 498 109 108 92 86
"499" 499 94 83 79 77
"500" 500 105 86 83 81
"501" 501 100 87 85 84
"502" 502 87 86 77 77
"503" 503 95 94 90 83
"504" 504 86 82 81 78
"505" 505 94 92 92 86
"506" 506 110 95 85 83
"507" 507 120 103 102 92
"508" 508 105 103 98 88
"509" 509 111 107 97 96
"510" 510 121 100 100 99
"511" 511 81 78 76 75
"512" 512 91 89 86 85
"513" 513 92 89 82 81
