"id.geno","S1_1001162","S1_1001511","S1_1009316","S1_1019523","S1_1019634","S1_1019648","S1_1020373","S1_1029542","S1_1030434","S1_1031758","S1_1049575","S1_1053530","S1_1053535","S1_1053703","S1_1059696","S1_1062835","S1_1062848","S1_1062853","S1_1062957","S1_1063050","S1_1066894","S1_1067113","S1_1067116","S1_1067668","S1_1069360","S1_1069362","S1_1069363","S1_1069365","S1_1069784","S1_1081413","S1_1089727","S1_1188838","S1_1196763","S1_1197550","S1_1199213","S1_1204373","S1_1206067","haplo.qtl"
"SLI_09_182",2,4,4,2,3,2,2,2,1,2,0,1,2,1,2,2,4,4,3,2,2,2,3,2,4,4,1,1,1,1,0,2,2,1,1,2,0,"4"
"SLI_09_182",2,4,4,2,3,2,2,2,1,2,0,1,2,1,2,2,4,4,3,2,2,2,3,2,4,4,1,1,1,1,0,2,2,1,1,2,0,"7"
"SLI_09_183",2,4,4,2,3,2,2,2,1,2,0,1,2,0,2,2,4,4,3,2,2,2,3,0,4,4,1,1,1,1,0,0,2,1,1,0,0,"4"
"SLI_09_183",2,4,4,2,3,2,2,2,1,2,0,1,2,0,2,2,4,4,3,2,2,2,3,0,4,4,1,1,1,1,0,0,2,1,1,0,0,"7"
"SLF_10_452",0,2,1,4,2,1,0,3,0,0,0,4,1,2,3,0,0,0,0,1,0,4,2,4,2,1,4,2,3,2,0,2,2,1,1,2,1,"2"
"SLF_10_452",0,2,1,4,2,1,0,3,0,0,0,4,1,2,3,0,0,0,0,1,0,4,2,4,2,1,4,2,3,2,0,2,2,1,1,2,1,"5"
"SLI_09_226",0,0,0,0,0,0,0,0,0,0,0,0,0,0,3,0,0,0,0,1,0,4,2,4,0,0,0,0,3,2,0,0,2,1,0,0,0,"2"
"SLI_09_226",0,0,0,0,0,0,0,0,0,0,0,0,0,0,3,0,0,0,0,1,0,4,2,4,0,0,0,0,3,2,0,0,2,1,0,0,0,"5"
"SLI_09_185",2,4,4,2,3,2,2,2,1,2,0,1,2,0,2,2,4,4,3,2,2,2,3,0,4,4,1,1,1,1,0,0,2,1,1,0,0,"4"
"SLI_09_185",2,4,4,2,3,2,2,2,1,2,0,1,2,0,2,2,4,4,3,2,2,2,3,0,4,4,1,1,1,1,0,0,2,1,1,0,0,"7"
"SLF_10_086",0,2,1,0,0,0,0,3,0,0,0,0,0,0,3,0,0,0,0,1,0,4,2,0,0,0,0,0,3,2,0,2,2,1,1,2,1,"2"
"SLF_10_086",0,2,1,0,0,0,0,3,0,0,0,0,0,0,3,0,0,0,0,1,0,4,2,0,0,0,0,0,3,2,0,2,2,1,1,2,1,"5"
