"id.geno","S1_1001162","S1_1001511","S1_1009316","S1_1019523","S1_1019634","S1_1019648","S1_1020373","S1_1029542","S1_1030434","S1_1031758","S1_1049575","S1_1053530","S1_1053535","S1_1053703","S1_1059696","S1_1062835","S1_1062848","S1_1062853","S1_1062957","S1_1063050","S1_1066894","S1_1067113","S1_1067116","S1_1067668","S1_1069360","S1_1069362","S1_1069363","S1_1069365","S1_1069784","S1_1081413","S1_1089727","S1_1188838","S1_1196763","S1_1197550","S1_1199213","S1_1204373","S1_1206067","haplo.qtl"
"Olimar",2,4,4,2,3,2,2,2,1,2,3,1,2,1,2,2,4,4,3,2,2,2,3,2,4,4,1,1,1,1,4,4,4,3,3,4,2,"1"
"SLI_09_206",4,2,1,4,2,1,3,3,4,1,1,4,1,0,3,4,2,1,1,0,3,4,2,0,0,0,0,0,3,0,0,0,2,1,1,2,1,"2"
"SLF_10_363",0,2,1,4,2,1,3,3,4,1,0,4,1,2,3,0,0,0,1,1,0,4,2,4,2,1,4,2,3,2,0,2,2,1,1,0,0,"2"
"SLF_10_088",4,2,1,4,2,1,3,3,4,1,1,4,1,2,3,4,2,1,1,1,3,4,2,4,2,1,4,2,3,2,2,2,2,1,1,2,1,"2"
"SLI_09_211",4,2,1,4,2,1,3,3,4,1,1,4,1,2,3,4,2,1,1,1,3,4,2,4,2,1,4,2,3,2,2,2,2,1,1,2,1,"2"
"SLI_10_052",2,4,4,2,3,2,2,2,1,2,3,1,2,1,2,2,4,4,3,2,2,2,3,2,4,4,1,1,1,1,4,4,4,3,3,4,2,"1"
"SLF_10_421",2,4,4,2,3,2,2,2,1,2,3,1,2,1,2,2,4,4,3,2,2,2,3,2,4,4,1,1,1,1,4,4,4,3,3,0,2,"1"
"SLI_09_198",4,2,1,4,2,1,3,3,4,1,1,4,1,2,3,4,2,1,1,1,3,4,2,4,2,1,4,2,3,2,2,2,2,1,1,2,1,"2"
"SLF_10_277",4,2,1,4,2,1,3,3,4,1,1,4,1,2,3,4,2,1,1,1,3,4,2,4,2,1,4,2,3,2,2,2,2,1,1,2,1,"2"
"SLI_10_030",4,2,1,4,2,1,3,3,4,1,1,4,1,2,3,4,2,1,1,1,3,4,2,4,2,1,4,2,3,2,2,2,2,1,1,2,1,"2"
"SLF_09_380",4,2,1,4,2,1,3,3,4,1,1,4,1,2,3,4,2,1,1,1,3,4,2,4,2,1,4,2,3,2,2,2,2,1,1,2,1,"2"
"SLF_10_398",2,4,4,2,3,2,2,2,1,2,3,1,2,1,2,2,4,4,3,2,2,2,3,2,4,4,1,1,1,1,4,4,4,3,3,0,2,"1"
"SLI_09_133",2,4,4,2,3,2,2,2,1,2,3,1,2,1,2,2,4,4,3,2,2,2,3,2,4,4,1,1,1,1,4,4,4,3,3,4,2,"1"
"SLI_09_169",2,4,4,2,3,2,2,2,1,2,3,1,2,1,2,2,4,4,3,2,2,2,3,2,4,4,1,1,1,1,4,4,4,3,3,4,2,"1"
"SLI_10_055",2,4,4,2,3,2,2,2,1,2,3,1,2,1,2,2,4,4,3,2,2,2,3,2,4,4,1,1,1,1,4,4,4,3,3,4,2,"1"
"SLI_10_046",4,2,1,4,0,0,3,3,0,1,0,0,0,0,3,4,2,1,0,1,3,4,2,4,0,0,0,0,3,2,2,2,2,1,1,2,1,"2"
"SLF_09_321",4,2,1,4,2,1,3,3,4,1,1,4,1,2,3,4,2,1,0,1,3,4,2,4,2,1,4,2,3,2,0,2,2,1,1,2,1,"2"
"SLF_09_284",2,4,4,2,3,2,2,2,1,2,3,1,2,1,2,2,4,4,3,2,2,2,3,2,4,4,1,1,1,1,4,4,4,3,3,4,2,"1"
"SLI_10_053",4,2,1,2,3,2,2,2,1,2,3,1,2,1,2,2,4,4,3,2,2,2,3,2,4,4,1,1,1,1,4,4,4,3,3,4,2,"3"
"SLI_09_165",2,4,4,2,3,2,2,2,1,2,3,1,2,1,2,2,4,4,3,2,2,2,3,2,4,4,1,1,1,1,4,4,4,3,3,4,2,"1"
"SLF_10_414",2,4,4,2,3,2,2,2,1,2,3,1,2,1,2,2,4,4,3,2,2,2,3,2,4,4,1,1,1,1,4,4,4,3,3,4,2,"1"
"SLF_10_203",4,2,1,4,2,1,3,3,4,1,0,4,1,2,3,4,2,1,1,1,3,4,2,4,2,1,4,2,3,2,2,2,2,1,1,2,1,"2"
"SLF_10_415",2,4,4,2,3,2,2,2,1,2,3,1,2,1,2,2,4,4,3,2,2,2,3,2,4,4,1,1,1,1,4,4,4,3,3,4,2,"1"
"SLI_09_29",2,4,4,2,3,2,2,2,1,2,3,1,2,1,2,2,4,4,3,2,2,2,3,2,4,4,1,1,1,1,4,4,4,3,3,4,2,"1"
"SLI_09_180",2,4,4,2,3,2,2,2,1,2,3,1,2,1,2,2,4,4,3,2,2,2,3,2,4,4,1,1,1,1,4,4,4,3,3,0,2,"1"
"SLI_09_154",2,4,4,2,3,2,2,2,1,2,3,1,2,1,2,2,4,4,3,2,2,2,3,2,4,4,1,1,1,1,4,4,4,3,3,4,2,"1"
"SLI_10_079",4,2,1,4,2,1,3,3,4,1,1,4,1,2,3,4,2,1,1,1,3,4,2,4,2,1,4,2,3,2,2,2,2,1,1,2,1,"2"
"SLF_09_381",2,4,4,2,3,2,2,2,1,2,3,1,2,1,2,2,4,4,3,2,2,2,3,2,4,4,1,1,1,1,4,4,4,3,3,0,2,"1"
"SLF_10_413",2,4,4,2,3,2,2,2,1,2,3,1,2,1,2,2,4,4,3,2,2,2,3,2,4,4,1,1,1,1,4,4,4,3,3,4,2,"1"
"SLI_10_015",4,2,1,4,2,1,3,3,4,1,1,4,1,2,3,4,2,1,1,1,3,4,2,4,2,1,4,2,3,2,2,2,2,1,1,2,1,"2"
"SLI_09_55",2,4,4,2,3,2,2,2,1,2,3,1,2,1,2,2,4,4,3,2,2,2,3,2,4,4,1,1,1,1,4,4,4,3,3,4,2,"1"
"SLF_09_366",4,2,1,4,2,1,3,3,4,1,1,4,1,2,3,4,2,1,1,1,3,4,2,4,2,1,4,2,3,2,2,2,2,1,1,2,1,"2"
"SLI_10_062",2,4,4,2,3,2,2,2,1,2,3,1,2,1,2,2,4,4,3,2,2,2,3,2,4,4,1,1,1,1,4,4,4,3,3,0,2,"1"
"SLI_10_057",4,2,1,2,3,2,2,2,1,2,3,1,2,1,2,2,4,4,3,2,2,2,3,2,4,4,1,1,1,1,0,4,4,3,3,4,2,"3"
"SLF_09_358",4,2,1,4,2,1,3,3,4,1,1,4,1,2,3,4,2,1,1,1,3,4,2,4,2,1,4,2,3,2,2,0,2,1,1,2,1,"2"
"SLI_09_189",2,4,4,2,3,2,2,2,1,2,3,1,2,1,2,2,4,4,3,2,2,2,3,2,4,4,1,1,1,1,4,4,4,3,3,0,2,"1"
"SLI_09_193",4,2,1,4,0,0,3,3,4,1,1,4,1,2,3,4,2,1,1,1,3,4,2,4,2,1,4,2,3,2,0,2,2,1,1,2,1,"2"
"SLI_09_48",2,4,4,2,3,2,2,2,1,2,3,1,2,1,2,2,4,4,3,2,2,2,3,2,4,4,1,1,1,1,4,4,4,3,3,4,2,"1"
"SLI_09_161",0,4,4,2,3,2,2,2,1,2,3,1,2,1,2,2,4,4,3,2,2,2,3,2,4,4,1,1,1,1,4,4,4,3,3,4,2,"1"
"SLI_10_001",4,2,1,4,2,1,3,3,4,1,1,4,1,2,3,4,2,1,1,1,3,4,2,4,2,1,4,2,3,2,2,2,2,1,1,2,1,"2"
"SLF_10_400",2,4,4,2,3,2,2,2,1,2,3,1,2,1,2,2,4,4,3,2,2,2,3,2,4,4,1,1,1,1,4,4,4,3,3,4,2,"1"
"SLI_09_141",2,4,4,2,3,2,2,2,1,2,3,1,2,1,2,2,4,4,3,2,2,2,3,2,4,4,1,1,1,1,4,4,4,3,3,4,2,"1"
"SLI_09_224",4,2,1,4,2,1,3,0,4,1,1,4,1,2,3,4,2,1,0,1,3,4,2,4,2,1,4,2,3,2,0,0,2,1,1,0,0,"2"
"SLI_09_112",2,4,4,2,3,2,2,2,1,2,3,1,2,1,2,2,4,4,3,2,2,2,3,2,4,4,1,1,1,1,4,4,4,3,3,4,2,"1"
"SLI_09_05",2,4,4,2,3,2,2,2,1,2,3,1,2,1,2,0,0,0,3,2,2,2,3,2,4,4,1,1,1,2,2,2,2,1,1,2,1,"6"
"SLI_09_119",2,4,4,2,3,2,2,2,1,2,3,1,2,1,2,2,4,4,3,2,2,2,3,2,4,4,1,1,1,1,4,4,4,3,3,4,2,"1"
"SLF_09_328",4,2,1,4,2,1,3,3,4,1,1,4,1,2,3,4,2,1,1,1,3,4,2,4,2,1,4,2,3,2,2,0,2,1,1,2,1,"2"
"SLF_10_406",2,4,4,2,3,2,2,2,1,2,3,1,2,1,2,2,4,4,3,2,2,2,3,2,4,4,1,1,1,1,4,4,4,3,3,0,2,"1"
"SLF_10_258",2,4,4,2,3,2,2,2,1,2,3,1,2,1,2,2,4,4,3,2,2,2,3,2,4,4,1,1,1,1,4,4,4,3,3,4,2,"1"
"SLI_09_197",4,2,1,4,2,1,3,3,4,1,1,4,1,2,3,4,2,1,0,1,3,4,2,4,2,1,4,2,3,2,0,2,2,1,0,2,0,"2"
"SLF_10_108",4,2,1,4,2,1,3,3,4,1,1,4,1,2,3,4,2,1,1,1,3,4,2,4,2,1,4,2,3,2,2,2,2,1,1,2,1,"2"
"SLI_10_049",4,2,1,2,3,2,2,2,1,2,3,1,2,1,2,2,4,4,3,2,2,2,3,2,4,4,1,1,1,1,4,4,4,3,3,4,2,"3"
"SLI_09_61",2,4,4,2,3,2,2,2,1,2,3,1,2,1,2,2,4,4,3,2,2,2,3,2,4,4,1,1,1,1,4,4,4,3,3,4,2,"1"
"SLI_09_62",2,4,4,2,3,2,2,2,1,2,3,1,2,1,2,2,4,4,3,2,2,2,3,2,4,4,1,1,1,1,4,4,4,3,3,4,2,"1"
"SLI_09_153",2,4,4,2,3,2,2,2,1,2,3,1,2,1,2,2,4,4,3,2,2,2,3,2,4,4,1,1,1,1,4,4,4,3,3,4,2,"1"
"SLI_09_31",2,4,4,2,3,2,2,2,1,2,3,1,2,1,2,2,4,4,3,2,2,2,3,2,4,4,1,1,1,1,4,4,4,3,3,4,2,"1"
"SLI_09_155",2,4,4,2,3,2,2,2,1,2,3,1,2,1,2,2,4,4,3,2,2,2,3,2,4,4,1,1,1,1,4,4,4,3,3,4,2,"1"
"SLI_09_12",2,4,4,2,3,2,2,2,1,2,3,1,2,1,2,2,4,4,3,2,2,2,3,2,4,4,1,1,1,1,4,0,4,3,3,4,2,"1"
"SLF_10_247",2,4,4,2,3,2,2,2,1,2,3,1,2,1,2,2,4,4,3,2,2,2,3,2,4,4,1,1,1,1,4,4,4,3,3,4,2,"1"
"SLI_09_71",2,4,4,2,3,2,2,2,1,2,3,1,2,1,2,2,4,4,3,2,2,2,3,2,4,4,1,1,1,1,4,4,4,3,3,4,2,"1"
"SLI_09_21",2,4,4,2,3,2,2,2,1,2,3,1,2,1,2,2,4,4,3,2,2,2,3,2,4,4,1,1,1,1,4,4,4,3,3,4,2,"1"
"SLI_09_179",2,4,4,2,3,2,2,2,1,2,3,1,2,1,2,2,4,4,3,2,2,2,3,2,4,4,1,1,1,1,4,4,4,3,3,0,2,"1"
"SLF_10_250",2,4,4,2,3,2,2,2,1,2,3,1,2,1,2,2,4,4,3,2,2,2,3,0,4,4,1,1,1,1,4,4,4,3,3,0,2,"1"
"SLI_09_195",4,2,1,4,2,1,3,3,4,1,1,4,1,2,3,4,2,1,1,1,3,4,2,4,2,1,4,2,3,2,2,2,2,1,1,2,1,"2"
"SLF_10_402",2,4,4,2,3,2,2,2,1,2,3,1,2,1,2,2,4,4,3,2,2,2,3,2,4,4,1,1,1,1,4,4,4,3,3,4,2,"1"
"SLI_09_67",2,4,4,2,3,2,2,2,1,2,3,1,2,1,2,2,4,4,3,2,2,2,3,2,4,4,1,1,1,1,4,4,4,3,3,4,2,"1"
"SLI_09_188",2,4,4,2,3,2,2,2,1,2,3,1,2,1,2,2,4,4,3,2,2,2,3,0,4,4,1,1,1,1,4,4,4,3,3,0,2,"1"
"SLI_10_020",4,2,1,4,2,1,3,3,4,1,1,4,1,2,3,4,2,1,1,1,3,4,2,4,2,1,4,2,3,2,2,2,2,1,1,2,1,"2"
"SLI_09_24",2,4,4,2,3,2,2,2,1,2,3,1,2,1,2,2,4,4,3,2,2,2,3,2,4,4,1,1,1,1,4,4,4,3,3,4,2,"1"
"SLF_09_246",4,2,1,4,2,1,3,3,4,1,1,4,1,2,3,4,2,1,1,1,3,4,2,4,2,1,4,2,3,2,2,2,2,1,1,2,1,"2"
"SLF_10_412",2,4,4,2,3,2,2,2,1,2,3,1,2,1,2,2,4,4,3,2,2,2,3,2,4,4,1,1,1,1,4,4,4,3,3,4,2,"1"
"SLI_09_104",2,4,4,2,3,2,2,2,1,2,3,1,2,1,2,2,4,4,3,2,2,2,3,2,4,4,1,1,1,1,4,4,4,3,3,4,2,"1"
"SLI_09_182",2,4,4,2,3,2,2,2,1,2,0,1,2,1,2,2,4,4,3,2,2,2,3,2,4,4,1,1,1,1,0,2,2,1,1,2,0,"4"
"SLI_09_182",2,4,4,2,3,2,2,2,1,2,0,1,2,1,2,2,4,4,3,2,2,2,3,2,4,4,1,1,1,1,0,2,2,1,1,2,0,"7"
"SLI_09_158",2,4,4,2,3,2,2,2,1,2,3,1,2,1,2,2,4,4,3,2,2,2,3,2,4,4,1,1,1,1,4,4,4,3,3,4,2,"1"
"SLI_09_58",2,4,4,2,3,2,2,2,1,2,3,1,2,1,2,2,4,4,3,2,2,2,3,2,4,4,1,1,1,1,4,4,4,3,3,4,2,"1"
"SLI_10_078",4,2,1,4,2,1,3,3,4,1,1,4,1,2,3,4,2,1,1,1,3,4,2,4,2,1,4,2,3,2,2,2,2,1,1,0,1,"2"
"SLI_09_27",2,4,4,2,3,2,2,2,1,2,3,1,2,1,2,2,4,4,3,2,2,2,3,2,4,4,1,1,1,1,4,4,4,3,3,4,2,"1"
"SLI_09_178",2,0,4,2,3,2,2,2,1,2,3,1,2,1,2,2,4,4,3,2,2,2,3,0,4,4,1,1,1,1,4,4,4,3,3,0,2,"1"
"SLF_10_092",4,2,1,4,2,1,3,3,4,1,1,4,1,2,3,4,2,1,1,1,3,4,2,4,2,1,4,2,3,2,2,2,2,1,1,2,1,"2"
"SLI_09_156",2,4,4,2,3,2,2,2,1,2,3,1,2,1,2,2,4,4,3,2,2,2,3,2,4,4,1,1,1,1,4,4,4,3,3,4,2,"1"
"SLI_09_18",2,4,4,2,3,2,2,2,1,2,3,1,2,1,2,2,4,4,3,2,2,2,3,2,4,4,1,1,1,1,4,4,4,3,3,4,2,"1"
"SLI_09_64",2,4,4,2,3,2,2,2,1,2,3,1,2,1,2,2,4,4,3,2,2,2,3,2,4,4,1,1,1,1,4,4,4,3,3,4,2,"1"
"SLI_09_69",2,4,4,2,3,2,2,2,1,2,3,1,2,1,2,2,4,4,3,2,2,2,3,2,4,4,1,1,1,1,4,4,4,3,3,4,2,"1"
"SLI_09_81",2,4,4,2,3,2,2,2,1,2,3,1,2,1,2,2,4,4,3,2,2,2,3,2,4,4,1,1,1,1,4,4,4,3,3,4,2,"1"
"SLI_09_225",0,2,1,4,2,1,3,3,4,1,0,4,1,2,3,4,2,1,1,1,3,4,2,4,2,1,4,2,3,2,0,2,2,1,1,0,1,"2"
"SLF_10_420",2,4,4,2,3,2,2,2,1,2,3,1,2,1,2,2,4,4,3,2,2,2,3,2,4,4,1,1,1,1,4,4,4,3,3,0,2,"1"
"SLI_09_170",4,2,1,0,2,1,3,3,4,1,0,4,1,2,3,4,2,1,0,1,3,4,2,4,2,1,4,2,3,2,0,2,2,1,0,2,1,"2"
"SLI_09_10",2,4,4,2,3,2,2,2,1,2,3,1,2,1,2,2,4,4,3,2,2,2,3,2,4,4,1,1,1,1,4,4,4,3,3,0,2,"1"
"SLI_09_166",2,4,4,2,3,2,2,2,1,2,3,1,2,1,2,2,4,4,3,2,2,2,3,2,4,4,1,1,1,1,4,4,4,3,3,4,2,"1"
"El_Paso_144",4,2,1,4,2,1,3,3,4,1,1,4,1,2,3,4,2,1,1,1,3,4,2,4,2,1,4,2,3,2,2,2,2,1,1,2,1,"2"
"SLI_09_65",2,4,4,2,3,2,2,2,1,2,3,1,2,1,2,2,4,4,3,2,2,2,3,2,4,4,1,1,1,1,4,4,4,3,3,4,2,"1"
"SLI_09_44",2,4,4,2,3,2,2,2,1,2,3,1,2,1,2,2,4,4,3,2,2,2,3,2,4,4,1,1,1,1,4,4,4,3,3,4,2,"1"
"SLI_09_228",4,2,1,4,2,1,3,3,4,1,1,4,1,2,3,4,2,1,1,1,3,4,2,4,2,1,4,2,3,2,2,2,2,1,1,2,1,"2"
"SLF_10_257",2,4,4,2,3,2,2,2,1,2,3,1,2,1,2,2,4,4,3,2,2,2,3,2,4,4,1,1,1,1,4,4,4,3,3,0,2,"1"
"SLF_10_240",2,4,4,2,3,2,2,2,1,2,3,1,2,1,2,2,4,4,3,2,2,2,3,2,4,4,1,1,1,1,4,4,4,3,3,4,2,"1"
"SLI_09_54",2,4,4,2,3,2,2,2,1,2,3,1,2,1,2,2,4,4,3,2,2,2,3,2,4,4,1,1,1,1,4,4,4,3,3,4,2,"1"
"SLI_09_163",2,4,4,2,3,2,2,2,1,2,3,1,2,1,2,2,4,4,3,2,2,2,3,2,4,4,1,1,1,1,4,4,4,3,3,4,2,"1"
"SLI_09_136",2,4,4,2,3,2,2,2,1,2,3,1,2,1,2,2,4,4,3,2,2,2,3,2,4,4,1,1,1,1,4,4,4,3,3,4,2,"1"
"SLI_09_106",2,4,4,2,3,2,2,2,1,2,3,1,2,1,2,2,4,4,3,2,2,2,3,2,4,4,1,1,1,1,4,4,4,3,3,4,2,"1"
"SLF_10_417",2,4,4,2,3,2,2,2,1,2,3,1,2,1,2,2,4,4,3,2,2,2,3,2,4,4,1,1,1,1,4,4,4,3,3,4,2,"1"
"SLI_09_50",2,4,4,2,3,2,2,2,1,2,3,1,2,1,2,2,4,4,3,2,2,2,3,2,4,4,1,1,1,1,4,4,4,3,3,4,2,"1"
"SLI_09_196",4,2,1,4,2,1,3,3,4,1,1,4,1,2,3,4,2,1,0,1,3,4,2,4,2,1,4,2,3,2,0,2,2,1,0,2,0,"2"
"SLI_09_127",2,4,4,2,3,2,2,2,1,2,3,1,2,1,2,2,4,4,3,2,2,2,3,2,4,4,1,1,1,1,4,4,4,3,3,4,2,"1"
"SLF_10_397",2,4,4,2,3,2,2,2,1,2,3,1,2,1,2,2,4,4,3,2,2,2,3,2,4,4,1,1,1,1,4,4,4,3,3,4,2,"1"
"SLF_10_403",2,4,4,2,3,2,2,2,1,2,3,1,2,1,2,2,4,4,3,2,2,2,3,2,4,4,1,1,1,1,4,4,4,3,3,0,2,"1"
"SLI_09_223",4,2,1,4,2,1,3,3,4,1,1,4,1,2,3,4,2,1,1,1,3,4,2,4,2,1,4,2,3,2,2,2,2,1,1,2,1,"2"
"SLI_09_37",2,4,4,2,3,2,2,2,1,2,3,1,2,1,2,2,4,4,3,2,2,2,3,2,4,4,1,1,1,1,4,4,4,0,3,4,2,"1"
"SLI_09_87",2,4,4,2,3,2,2,2,1,2,3,1,2,1,2,2,4,4,3,2,2,2,3,2,4,4,1,1,1,1,4,4,4,3,3,4,2,"1"
"SLI_09_121",2,4,4,2,3,2,2,2,1,2,3,1,2,1,2,2,4,4,3,2,2,2,3,2,4,4,1,1,1,1,4,4,4,3,3,4,2,"1"
"SLI_10_023",2,4,4,2,3,2,2,2,1,2,3,1,2,1,2,2,4,4,3,2,2,2,3,2,4,4,1,1,1,1,4,0,0,3,3,0,0,"1"
"SLI_09_199",4,2,1,4,2,1,3,3,4,1,1,4,1,2,3,4,2,1,1,1,3,4,2,4,2,1,4,2,3,2,2,2,2,1,1,2,1,"2"
"SLF_10_409",2,4,4,2,3,2,2,2,1,2,3,1,2,1,2,2,4,4,3,2,2,2,3,2,4,4,1,1,1,1,4,4,4,3,3,0,2,"1"
"SLI_09_164",2,4,4,2,3,2,2,2,1,2,3,1,2,1,2,2,4,4,3,2,2,2,3,2,4,4,1,1,1,1,4,4,4,3,3,4,2,"1"
"SLI_09_89",2,4,4,2,3,2,2,2,1,2,3,1,2,1,2,2,4,4,3,2,2,2,3,2,4,4,1,1,1,1,4,4,4,3,3,4,2,"1"
"SLI_09_102",2,4,4,2,3,2,2,2,1,2,3,1,2,1,2,2,4,4,3,2,2,2,3,2,4,4,1,1,1,1,4,4,4,3,3,4,2,"1"
"SLI_09_08",2,4,4,2,3,2,2,2,1,2,3,1,2,1,2,2,4,4,3,2,2,2,3,2,4,4,1,1,1,1,4,4,4,3,3,0,2,"1"
"SLI_09_160",4,2,1,4,2,1,3,3,4,1,0,4,1,2,3,4,2,1,1,1,0,4,2,4,2,1,4,2,3,2,2,0,2,1,1,0,1,"2"
"SLI_10_005",4,2,1,4,2,1,3,3,4,1,1,4,1,2,3,4,2,1,1,1,3,4,2,4,2,1,4,2,0,2,2,2,2,1,1,2,1,"2"
"SLI_10_059",4,2,1,4,2,1,3,3,4,1,1,4,1,2,3,4,2,1,1,1,3,4,2,4,2,1,4,2,3,2,2,2,2,1,1,2,1,"2"
"SLI_09_209",4,2,1,4,2,1,3,3,4,1,1,4,1,2,3,4,2,1,1,1,3,4,2,4,2,1,4,2,3,2,2,2,2,1,1,2,1,"2"
"SLF_09_394",4,2,1,4,2,1,3,3,4,1,1,4,1,2,3,4,2,1,1,1,3,4,2,4,2,1,4,2,3,2,2,2,2,1,1,2,1,"2"
"SLI_10_047",4,2,1,4,2,1,3,3,4,1,1,4,1,2,3,4,2,1,1,1,3,4,2,4,2,1,4,2,3,2,2,2,2,1,1,2,1,"2"
"SLF_10_438",4,2,1,4,2,1,3,3,4,1,1,4,1,2,3,4,2,1,1,1,3,4,2,4,2,1,4,2,3,2,2,2,2,1,1,2,1,"2"
"SLI_09_208",4,2,1,4,2,1,3,0,4,1,1,4,1,2,3,4,2,1,0,1,3,4,2,4,2,1,4,2,3,2,0,0,2,1,1,0,0,"2"
"SLI_09_138",2,4,4,2,3,2,2,2,1,2,3,1,2,1,2,2,4,4,3,2,2,2,3,2,4,4,1,1,1,1,4,4,4,3,3,4,2,"1"
"SLI_09_129",2,4,4,2,3,2,2,2,1,2,3,1,2,1,2,2,4,4,3,2,2,2,3,2,4,4,1,1,1,1,4,4,4,3,3,4,2,"1"
"SLI_10_060",4,2,1,4,2,1,3,3,4,1,1,4,1,2,3,4,2,1,1,1,3,4,2,4,2,1,4,2,3,2,2,2,2,1,1,2,1,"2"
"SLF_09_384",2,4,4,2,3,2,2,2,1,2,3,1,2,1,2,2,4,4,3,2,2,2,3,2,4,4,1,1,1,1,4,4,4,3,3,0,2,"1"
"SLI_09_63",2,4,4,2,3,2,2,2,1,2,3,1,2,1,2,2,4,4,3,2,2,2,3,2,4,4,1,1,1,1,4,4,4,3,3,4,2,"1"
"SLF_10_407",2,4,4,2,3,2,2,2,1,2,3,1,2,1,2,2,4,4,3,2,2,2,3,2,4,4,1,1,1,1,4,4,4,3,3,4,2,"1"
"SLI_09_17",2,4,4,2,3,2,2,2,1,2,3,1,2,1,2,2,4,4,3,2,2,2,3,2,4,4,1,1,1,1,4,4,4,3,3,0,2,"1"
"SLI_10_054",4,2,1,2,3,2,2,2,1,2,3,1,2,1,2,2,4,4,3,2,2,2,3,2,4,4,1,1,1,1,0,4,4,3,3,4,2,"3"
"SLI_09_38",2,4,4,2,3,2,2,2,1,2,3,1,2,1,2,2,4,4,3,2,2,2,3,2,4,4,1,1,1,1,4,4,4,3,3,4,2,"1"
"SLI_09_85",2,4,4,2,3,2,2,2,1,2,3,1,2,1,2,2,4,4,3,2,2,2,3,2,4,4,1,1,1,1,4,4,4,3,3,4,2,"1"
"SLF_10_198",4,2,1,4,2,1,3,3,4,1,0,4,1,2,3,4,2,1,1,1,3,4,2,4,2,1,4,2,3,2,2,2,2,1,1,2,1,"2"
"SLI_09_88",4,2,1,4,2,1,3,3,4,1,1,4,1,2,3,4,2,1,1,1,3,4,2,4,2,1,4,2,3,2,0,2,2,1,1,2,1,"2"
"SLF_10_339",0,2,1,4,2,1,3,3,4,0,1,4,1,0,3,0,0,0,1,1,0,0,0,4,0,0,0,0,3,2,0,2,2,1,1,2,1,"2"
"SLI_09_68",2,4,4,2,3,2,2,2,1,2,3,1,2,1,2,2,4,4,3,2,2,2,3,2,4,4,1,1,1,1,4,4,4,3,3,4,2,"1"
"SLI_09_128",2,4,4,2,3,2,2,2,1,2,3,1,2,1,2,2,4,4,3,2,2,2,3,2,4,4,1,1,1,1,4,4,4,3,3,4,2,"1"
"SLI_10_002",4,2,1,4,2,1,3,3,4,1,1,4,1,2,3,4,2,1,1,1,3,4,2,4,2,1,4,2,3,2,2,2,2,1,1,2,1,"2"
"SLI_09_183",2,4,4,2,3,2,2,2,1,2,0,1,2,0,2,2,4,4,3,2,2,2,3,0,4,4,1,1,1,1,0,0,2,1,1,0,0,"4"
"SLI_09_183",2,4,4,2,3,2,2,2,1,2,0,1,2,0,2,2,4,4,3,2,2,2,3,0,4,4,1,1,1,1,0,0,2,1,1,0,0,"7"
"SLI_09_74",4,2,1,4,2,1,3,3,4,1,0,4,1,2,3,4,2,1,1,1,0,4,2,4,2,1,4,2,3,2,2,0,2,1,1,0,1,"2"
"SLF_10_424",2,4,4,2,3,2,2,2,1,2,3,1,2,1,2,2,4,4,3,2,2,2,3,2,4,4,1,1,1,1,4,4,4,3,3,4,2,"1"
"SLF_10_452",0,2,1,4,2,1,0,3,0,0,0,4,1,2,3,0,0,0,0,1,0,4,2,4,2,1,4,2,3,2,0,2,2,1,1,2,1,"2"
"SLF_10_452",0,2,1,4,2,1,0,3,0,0,0,4,1,2,3,0,0,0,0,1,0,4,2,4,2,1,4,2,3,2,0,2,2,1,1,2,1,"5"
"SLI_09_42",2,4,4,2,3,2,2,2,1,2,3,1,2,1,2,2,4,4,3,2,2,2,3,2,4,4,1,1,1,1,4,4,4,3,3,4,2,"1"
"SLF_10_422",2,4,4,2,3,2,2,2,1,2,3,1,2,1,2,2,4,4,3,2,2,2,3,2,4,4,1,1,1,1,4,4,4,3,3,4,2,"1"
"SLF_10_428",2,4,4,2,3,2,2,2,1,2,3,1,2,1,2,2,4,4,3,2,2,2,3,2,4,4,1,1,1,1,4,4,4,3,3,4,2,"1"
"SLI_09_20",2,4,4,2,3,2,2,2,1,2,3,1,2,1,2,2,4,4,3,2,2,2,3,2,4,4,1,1,1,1,4,4,4,3,3,4,2,"1"
"SLI_09_32",2,4,4,2,3,2,2,2,1,2,3,1,2,1,2,2,4,4,3,2,2,2,3,2,4,4,1,1,1,1,4,4,4,3,3,4,2,"1"
"SLI_09_142",2,4,4,2,3,2,2,2,1,2,3,1,2,1,2,2,4,4,3,2,2,2,3,2,4,4,1,1,1,1,4,4,4,3,3,4,2,"1"
"SLI_10_077",4,2,1,4,2,1,3,3,4,1,0,4,1,0,3,0,0,0,1,1,3,4,2,4,2,1,4,2,3,2,0,0,2,1,1,0,0,"2"
"SLI_09_53",2,4,4,2,3,2,2,2,1,2,3,1,2,1,2,2,4,4,3,2,2,2,3,2,4,4,1,1,1,1,4,4,4,3,3,4,2,"1"
"SLF_09_288",4,2,1,4,2,1,3,3,4,1,0,4,1,2,3,4,2,1,1,1,3,4,2,4,2,1,4,2,3,2,2,2,2,1,1,2,1,"2"
"SLI_09_99",2,4,4,2,3,2,2,2,1,2,3,1,2,1,2,2,4,4,3,2,2,2,3,2,4,4,1,1,1,1,4,4,4,3,3,4,2,"1"
"SLI_09_137",2,4,4,2,3,2,2,2,1,2,3,1,2,1,2,2,4,4,3,2,2,2,3,2,4,4,1,1,1,1,4,4,4,3,3,4,2,"1"
"SLI_10_013",2,4,4,2,3,2,2,2,1,2,3,1,2,1,2,2,4,4,3,2,2,2,3,2,4,4,1,1,1,1,4,4,4,3,3,0,2,"1"
"SLF_10_262",2,4,4,2,3,2,2,2,1,2,3,1,2,1,2,2,4,4,3,2,2,2,3,2,4,4,1,1,1,1,4,4,4,3,3,0,2,"1"
"SLI_09_191",2,4,4,2,3,2,2,2,1,2,3,1,2,1,2,2,4,4,3,2,2,2,3,2,4,4,1,1,1,1,4,4,4,3,3,4,2,"1"
"SLI_09_149",2,4,4,2,3,2,2,2,1,2,3,1,2,1,2,2,4,4,3,2,2,2,3,2,4,4,1,1,1,1,4,4,4,3,3,4,2,"1"
"SLI_09_207",4,2,1,0,2,1,3,0,4,1,0,4,1,2,3,4,2,1,1,1,3,4,2,4,2,1,4,2,3,2,2,2,2,1,1,2,1,"2"
"SLI_09_47",2,4,4,0,3,2,2,2,1,2,0,1,2,1,2,2,4,4,3,2,2,2,3,0,4,4,1,1,1,1,0,4,0,3,3,0,0,"1"
"SLF_09_330",4,2,1,4,2,1,3,3,4,1,1,4,1,2,3,4,2,1,1,1,3,4,2,4,2,1,4,2,3,2,2,0,2,1,1,2,1,"2"
"SLI_09_217",4,2,1,4,2,1,3,3,4,1,1,4,1,2,3,4,2,1,1,1,3,4,2,4,2,1,4,2,3,2,2,2,2,1,1,2,1,"2"
"SLF_10_186",4,2,1,4,2,1,3,3,4,1,1,4,1,2,3,4,2,1,1,1,3,4,2,4,2,1,4,2,3,2,2,2,2,1,1,2,1,"2"
"SLF_10_404",2,4,4,2,3,2,2,2,1,2,3,1,2,1,2,2,4,4,3,2,2,2,3,2,4,4,1,1,1,1,4,4,4,3,3,4,2,"1"
"SLF_10_364",0,2,1,4,2,1,3,3,4,1,0,4,1,2,3,0,0,0,1,1,0,4,2,4,2,1,4,2,3,2,0,2,2,1,1,0,0,"2"
"SLI_09_22",2,4,4,2,3,2,2,2,1,2,3,1,2,1,2,2,4,4,3,2,2,2,3,2,4,4,1,1,1,1,4,4,4,3,3,4,2,"1"
"SLI_10_063",2,4,4,2,3,2,2,2,1,2,3,1,2,1,2,2,4,4,3,2,2,2,3,2,4,4,1,1,1,1,4,4,4,3,3,0,2,"1"
"SLI_09_187",2,4,4,2,3,2,2,2,1,2,3,1,2,1,2,2,4,4,3,2,2,2,3,2,4,4,1,1,1,1,4,4,4,3,3,0,2,"1"
"SLI_09_33",2,4,4,2,3,2,2,2,1,2,3,1,2,1,2,2,4,4,3,2,2,2,3,2,4,4,1,1,1,1,4,4,4,3,3,0,2,"1"
"SLF_09_322",4,2,1,4,2,1,3,3,4,1,1,4,1,2,3,4,2,1,0,1,3,4,2,4,2,1,4,2,3,2,0,2,2,1,1,2,1,"2"
"SLI_09_135",2,4,4,2,3,2,2,2,1,2,3,1,2,1,2,2,4,4,3,2,2,2,3,2,4,4,1,1,1,1,4,4,4,3,3,4,2,"1"
"SLI_09_16",2,4,4,2,3,2,2,2,1,2,3,1,2,1,2,2,4,4,3,2,2,2,3,2,4,4,1,1,1,1,4,2,2,1,1,2,2,"4"
"SLI_09_157",4,2,1,4,2,1,3,0,4,1,1,4,1,0,3,0,0,0,0,1,3,4,2,4,2,1,4,2,3,2,0,2,2,1,0,2,1,"2"
"SLI_09_113",2,4,4,2,3,2,2,2,1,2,3,1,2,1,2,2,4,4,3,2,2,2,3,2,4,4,1,1,1,1,4,4,4,3,3,4,2,"1"
"SLI_09_15",2,0,4,2,3,2,2,2,1,2,3,1,2,1,2,2,4,4,3,2,2,2,3,2,4,4,1,1,1,1,4,4,4,3,3,0,2,"1"
"SLI_09_186",4,2,1,4,0,0,3,3,4,1,1,4,1,2,3,4,2,1,1,1,3,4,2,4,2,1,4,2,3,2,0,2,2,1,1,2,1,"2"
"SLF_09_388",2,4,4,2,3,2,2,2,1,2,3,1,2,1,2,2,4,4,3,2,0,2,3,2,0,0,0,0,1,2,0,2,2,1,1,0,1,"6"
"SLF_09_357",4,2,1,4,2,1,3,3,4,1,1,4,1,2,3,4,2,1,1,1,3,4,2,4,2,1,4,2,3,2,2,0,2,1,1,2,1,"2"
"SLI_09_151",4,2,1,4,2,1,3,3,4,1,1,4,1,2,3,4,2,1,1,1,3,4,2,4,2,1,4,2,3,2,2,2,2,1,1,2,1,"2"
"SLI_09_100",2,4,4,2,3,2,2,2,1,2,3,1,2,1,2,2,4,4,3,2,2,2,3,2,4,4,1,1,1,1,4,4,4,3,3,4,2,"1"
"SLI_09_98",4,2,1,4,2,1,3,3,4,1,0,4,1,2,3,4,2,1,1,1,0,4,2,4,2,1,4,2,3,2,2,0,2,1,1,0,1,"2"
"SLI_09_03",2,4,4,2,3,2,2,2,1,2,3,1,2,1,2,2,4,4,3,2,2,2,3,2,4,4,1,1,1,1,4,4,4,3,3,0,2,"1"
"SLI_09_152",2,4,4,2,3,2,2,2,1,2,3,1,2,1,2,2,4,4,3,2,2,2,3,2,4,4,1,1,1,1,4,4,4,3,3,4,2,"1"
"SLI_09_60",2,4,4,2,3,2,2,2,1,2,3,1,2,1,2,2,4,4,3,2,2,2,3,2,4,4,1,1,1,1,4,4,4,3,3,4,2,"1"
"SLI_10_058",2,4,4,2,3,2,2,2,1,2,3,1,2,1,2,2,4,4,3,2,2,2,3,2,4,4,1,1,1,1,4,4,4,3,3,0,2,"1"
"SLI_09_40",2,0,4,2,3,2,2,2,1,2,3,1,2,1,2,2,4,4,3,2,2,2,3,2,4,4,1,1,1,1,4,4,4,3,3,4,2,"1"
"SLI_09_13",2,4,4,2,3,2,2,2,1,2,3,1,2,1,2,2,4,4,3,2,2,2,3,2,4,4,1,1,1,1,4,4,4,3,3,4,2,"1"
"SLI_10_071",4,2,1,4,2,1,3,3,4,1,0,4,1,0,3,0,0,0,1,1,3,4,2,4,2,1,4,2,3,2,0,0,2,1,1,0,0,"2"
"SLF_10_243",2,4,4,2,3,2,2,2,1,2,3,1,2,1,2,2,4,4,3,2,2,2,3,2,4,4,1,1,1,1,4,4,4,3,3,0,2,"1"
"SLI_09_02",2,4,4,2,3,2,2,2,1,2,3,1,2,1,2,2,4,4,3,2,2,2,3,2,4,4,1,1,1,1,4,0,4,3,3,4,0,"1"
"SLF_10_200",4,2,1,4,2,1,3,3,4,1,0,4,1,2,3,4,2,1,1,1,3,4,2,4,2,1,4,2,3,2,2,2,2,1,1,2,1,"2"
"SLI_09_49",2,4,4,2,3,2,2,2,1,2,3,1,2,1,2,2,4,4,3,2,2,2,3,2,4,4,1,1,1,1,4,4,4,3,3,4,2,"1"
"SLF_10_410",2,4,4,2,3,2,2,2,1,2,3,1,2,1,2,2,4,4,3,2,2,2,3,2,4,4,1,1,1,1,4,4,4,3,3,4,2,"1"
"SLF_09_399",2,4,4,2,3,2,2,2,1,2,3,1,2,1,2,2,4,4,3,2,2,2,3,2,4,4,1,1,1,1,4,4,4,3,3,4,2,"1"
"SLI_10_045",4,2,1,4,2,1,3,3,4,1,1,4,1,2,3,4,2,1,1,1,3,4,2,4,2,1,4,2,3,2,2,2,2,1,1,2,1,"2"
"SLF_10_248",2,4,4,2,3,2,2,2,1,2,3,1,2,1,2,2,4,4,3,2,2,2,3,2,4,4,1,1,1,1,4,4,4,3,3,4,2,"1"
"SLI_09_06",2,4,4,2,3,2,2,2,1,2,3,1,2,1,2,0,0,0,3,2,2,2,3,2,4,4,1,1,1,2,2,2,2,1,1,2,1,"6"
"SLI_10_050",4,2,1,2,3,2,2,2,1,2,3,1,2,1,2,2,4,4,3,2,2,2,3,2,4,4,1,1,1,1,0,4,4,3,3,4,2,"3"
"SLI_09_23",2,4,4,2,3,2,2,2,1,2,3,1,2,1,2,2,4,4,3,2,2,2,3,2,4,4,1,1,1,1,4,4,4,3,3,4,2,"1"
"SLI_09_90",2,4,4,2,3,2,2,2,1,2,3,1,2,1,2,2,4,4,3,2,2,2,3,2,4,4,1,1,1,1,4,4,4,3,3,4,2,"1"
"SLI_09_01",2,4,4,2,3,2,2,2,1,2,3,1,2,1,2,0,0,0,3,2,2,2,3,2,4,4,1,1,1,2,2,2,2,1,1,2,1,"6"
"SLI_09_73",2,4,4,2,3,2,2,2,1,2,3,1,2,1,2,2,4,4,3,2,2,2,3,2,4,4,1,1,1,1,4,4,4,3,3,4,2,"1"
"SLF_10_090",4,2,1,4,2,1,3,3,4,1,1,4,1,2,3,4,2,1,1,1,3,4,2,4,2,1,4,2,3,2,2,2,2,1,1,2,1,"2"
"SLF_10_205",4,2,1,4,2,1,3,3,4,1,0,4,1,2,3,4,2,1,1,1,3,4,2,4,2,1,4,2,3,2,2,2,2,1,1,2,1,"2"
"SLF_09_283",4,2,1,4,2,1,3,3,4,1,1,4,1,2,3,4,2,1,1,1,3,4,2,4,2,1,4,2,3,2,0,2,2,1,1,2,1,"2"
"SLI_09_167",2,4,4,2,3,2,2,2,1,2,3,1,2,1,2,2,4,4,3,2,2,2,3,2,4,4,1,1,1,1,4,4,4,3,3,4,2,"1"
"SLF_10_199",4,2,1,4,2,1,3,3,4,1,0,4,1,2,3,4,2,1,1,1,3,4,2,4,2,1,4,2,3,2,2,2,2,1,1,2,1,"2"
"SLI_09_30",2,4,4,2,3,2,2,2,1,2,3,1,2,1,2,2,4,4,3,2,2,2,3,2,4,4,1,1,1,1,4,4,4,3,3,4,2,"1"
"SLI_09_184",2,4,4,2,3,2,2,2,1,2,3,1,2,1,2,2,4,4,3,2,2,2,3,0,4,4,1,1,1,1,4,4,4,3,3,0,2,"1"
"SLI_09_222",4,2,1,4,2,1,3,3,4,1,1,4,1,2,3,4,2,1,1,1,3,4,2,4,2,1,4,2,3,2,2,2,2,1,1,2,1,"2"
"SLI_09_34",2,4,4,2,3,2,2,2,1,2,3,1,2,1,2,2,4,4,3,2,2,2,3,2,4,4,1,1,1,1,4,4,4,3,3,4,2,"1"
"SLI_09_130",2,4,4,2,3,2,2,2,1,2,3,1,2,1,2,2,4,4,3,2,2,2,3,2,4,4,1,1,1,1,4,4,4,3,3,4,2,"1"
"SLF_10_249",2,4,4,2,3,2,2,2,1,2,3,1,2,1,2,2,4,4,3,2,2,2,3,2,4,4,1,1,1,1,4,4,4,3,3,0,2,"1"
"SLI_09_95",4,2,1,4,2,1,3,3,4,1,1,4,1,2,3,4,2,1,1,1,3,4,2,4,2,1,4,2,3,2,2,2,2,1,1,2,1,"2"
"SLI_09_146",2,4,4,2,3,2,2,2,1,2,3,1,2,1,2,2,4,4,3,2,2,2,3,2,4,4,1,1,1,1,4,4,4,3,3,4,2,"1"
"SLI_09_109",2,4,4,2,3,2,2,2,1,2,3,1,2,1,2,2,4,4,3,2,2,2,3,2,4,4,1,1,1,1,4,4,4,3,3,4,2,"1"
"SLI_09_174",4,2,1,4,2,1,3,3,4,1,1,4,1,2,3,4,2,1,1,1,3,4,2,4,2,1,4,2,3,2,2,2,2,1,1,2,1,"2"
"SLI_09_75",4,2,1,4,2,1,3,3,1,1,1,4,1,2,3,2,4,4,1,1,3,4,2,4,2,1,4,2,3,2,4,2,2,1,1,2,1,"5"
"SLI_09_150",2,4,4,2,3,2,2,2,1,2,3,1,2,1,2,2,4,4,3,2,2,2,3,2,4,4,1,1,1,1,4,4,4,3,3,4,2,"1"
"SLI_09_177",4,2,1,4,0,0,3,3,4,1,1,4,1,2,3,4,2,1,1,1,3,4,2,4,2,1,4,2,3,2,0,2,2,1,1,2,1,"2"
"SLI_09_80",2,4,4,2,3,2,2,2,1,2,3,1,2,1,2,2,4,4,3,2,2,2,3,2,4,4,1,1,1,1,4,4,4,3,3,4,2,"1"
"SLI_10_070",4,2,1,4,2,1,3,3,4,1,0,4,1,2,3,0,0,0,1,1,3,4,2,4,2,1,4,2,3,2,0,0,2,1,1,0,0,"2"
"SLF_10_408",2,4,4,2,3,2,2,2,1,2,3,1,2,1,2,2,4,4,3,2,2,2,3,2,4,4,1,1,1,1,4,4,4,3,3,0,2,"1"
"SLI_09_79",4,2,1,4,2,1,3,3,4,1,1,4,1,2,3,4,2,1,1,1,3,4,2,4,2,1,4,2,3,2,2,2,2,1,1,2,1,"2"
"SLF_10_418",2,4,4,2,3,2,2,2,1,2,3,1,2,1,2,2,4,4,3,2,2,2,3,2,4,4,1,1,1,1,4,4,4,3,3,4,2,"1"
"SLI_09_159",2,4,4,2,3,2,2,2,1,2,3,1,2,1,2,2,4,4,3,2,2,2,3,2,4,4,1,1,1,1,4,4,4,3,3,4,2,"1"
"SLI_09_147",2,4,4,2,3,2,2,2,1,2,3,1,2,1,2,2,4,4,3,2,2,2,3,2,4,4,1,1,1,1,4,4,4,3,3,4,2,"1"
"SLI_09_134",2,4,4,2,3,2,2,2,1,2,3,1,2,1,2,2,4,4,3,2,2,2,3,2,4,4,1,1,1,1,4,4,4,3,3,4,2,"1"
"SLI_09_09",2,4,4,2,3,2,2,2,1,2,3,1,2,1,2,2,4,4,3,2,2,2,3,2,4,4,1,1,1,1,4,4,4,3,3,0,2,"1"
"SLI_09_126",2,4,4,2,3,2,2,2,1,2,3,1,2,1,2,2,4,4,3,2,2,2,3,2,4,4,1,1,1,1,4,4,4,3,3,4,2,"1"
"SLI_09_78",2,4,4,2,3,2,2,2,1,2,3,1,2,1,2,2,4,4,3,2,2,2,3,2,4,4,1,1,1,1,4,0,4,3,3,4,0,"1"
"SLI_09_212",4,2,1,4,2,1,3,3,4,1,1,4,1,2,3,4,2,1,1,1,3,4,2,4,2,1,4,2,3,2,2,2,2,1,1,2,1,"2"
"SLF_10_251",2,4,4,2,3,2,2,2,1,2,3,1,2,1,2,2,4,4,3,2,2,2,3,0,4,4,1,1,1,1,4,4,4,3,3,0,2,"1"
"SLF_10_401",2,4,4,2,3,2,2,2,1,2,3,1,2,1,2,2,4,4,3,2,2,2,3,2,4,4,1,1,1,1,4,4,4,3,3,0,2,"1"
"SLI_09_190",4,2,0,4,0,0,3,3,4,1,1,4,1,2,3,4,2,1,1,1,3,4,2,4,2,1,4,2,3,2,0,2,2,1,1,2,1,"2"
"SLI_09_110",2,4,4,2,3,2,2,2,1,2,3,1,2,1,2,2,4,4,3,2,2,2,3,2,4,4,1,1,1,1,4,4,4,3,3,4,2,"1"
"SLI_09_171",2,4,4,2,3,2,2,2,1,2,3,1,2,1,2,2,4,4,3,2,2,2,3,2,4,4,1,1,1,2,2,2,2,1,1,2,1,"6"
"SLI_09_36",2,4,4,2,3,2,2,2,1,2,3,1,2,1,2,2,4,4,3,2,2,2,3,2,4,4,1,1,1,1,4,4,4,3,3,4,2,"1"
"SLI_09_145",2,4,4,2,3,2,2,2,1,2,3,1,2,1,2,2,4,4,3,2,2,2,3,2,4,4,1,1,1,1,4,4,4,3,3,4,2,"1"
"SLF_09_367",4,2,1,4,2,1,3,3,4,1,1,4,1,2,3,4,2,1,1,1,3,4,2,4,2,1,4,2,3,2,2,2,2,1,1,2,1,"2"
"SLI_10_024",4,2,1,4,2,1,3,3,4,1,1,4,1,2,3,4,2,1,1,1,3,4,2,4,2,1,4,2,3,2,2,2,2,1,1,2,1,"2"
"SLI_09_122",2,4,4,2,3,2,2,2,1,2,3,1,2,1,2,2,4,4,3,2,2,2,3,2,4,4,1,1,1,1,4,4,4,3,3,4,2,"1"
"SLI_09_66",2,4,4,2,3,2,2,2,1,2,3,1,2,1,2,2,4,4,3,2,2,2,3,2,4,4,1,1,1,1,4,4,4,3,3,4,2,"1"
"SLI_09_144",2,4,4,2,3,2,2,2,1,2,3,1,2,1,2,2,4,4,3,2,2,2,3,2,4,4,1,1,1,1,4,4,4,3,3,4,2,"1"
"SLI_09_226",0,0,0,0,0,0,0,0,0,0,0,0,0,0,3,0,0,0,0,1,0,4,2,4,0,0,0,0,3,2,0,0,2,1,0,0,0,"2"
"SLI_09_226",0,0,0,0,0,0,0,0,0,0,0,0,0,0,3,0,0,0,0,1,0,4,2,4,0,0,0,0,3,2,0,0,2,1,0,0,0,"5"
"SLI_09_86",4,2,1,4,2,1,3,3,4,1,1,4,1,2,3,4,2,1,1,1,3,4,2,4,2,1,4,2,3,2,2,2,2,1,1,2,1,"2"
"SLF_10_201",4,2,1,4,2,1,3,3,4,1,0,4,1,2,3,4,2,1,1,1,3,4,2,4,2,1,4,2,3,2,2,2,2,1,1,2,1,"2"
"SLI_09_132",2,4,4,2,3,2,2,2,1,2,3,1,2,1,2,2,4,4,3,2,2,2,3,2,4,4,1,1,1,1,4,4,4,3,3,4,2,"1"
"SLI_09_97",2,4,4,2,3,2,2,2,1,2,3,1,2,1,2,2,4,4,3,2,2,2,3,2,4,4,1,1,1,1,4,4,4,3,3,4,2,"1"
"SLI_09_19",2,4,4,2,3,2,2,2,1,2,3,1,2,1,2,2,4,4,3,2,2,2,3,2,4,4,1,1,1,1,4,4,4,3,3,4,2,"1"
"SLI_09_205",4,2,1,4,2,1,3,3,4,1,1,4,1,2,3,4,2,1,1,1,3,4,2,4,2,1,4,2,3,2,2,2,2,1,1,2,1,"2"
"SLF_10_423",2,4,4,2,3,2,2,2,1,2,3,1,2,1,2,2,4,4,3,2,2,2,3,2,4,4,1,1,1,1,4,4,4,3,3,0,2,"1"
"SLI_09_185",2,4,4,2,3,2,2,2,1,2,0,1,2,0,2,2,4,4,3,2,2,2,3,0,4,4,1,1,1,1,0,0,2,1,1,0,0,"4"
"SLI_09_185",2,4,4,2,3,2,2,2,1,2,0,1,2,0,2,2,4,4,3,2,2,2,3,0,4,4,1,1,1,1,0,0,2,1,1,0,0,"7"
"SLI_09_57",2,4,4,2,3,2,2,2,1,2,3,1,2,1,2,2,4,4,3,2,2,2,3,2,4,4,1,1,1,1,4,4,4,3,3,4,2,"1"
"SLI_09_82",2,4,4,2,3,2,2,2,1,2,3,1,2,1,2,2,4,4,3,2,2,2,3,2,4,4,1,1,1,1,4,4,4,3,3,4,2,"1"
"SLF_10_084",4,2,1,4,2,1,3,3,4,1,1,4,1,2,3,4,2,1,1,1,3,4,2,4,2,1,4,2,3,2,2,2,2,1,1,2,1,"2"
"SLI_09_35",2,4,4,2,3,2,2,2,1,2,3,1,2,1,2,2,4,4,3,2,2,2,3,2,4,4,1,1,1,1,4,4,0,3,0,0,0,"1"
"SLI_09_07",2,4,4,2,3,2,2,2,1,2,3,1,2,1,2,2,4,4,3,2,2,2,3,2,4,4,1,1,1,1,4,4,4,3,3,0,2,"1"
"SLI_10_072",2,4,4,2,3,2,2,2,1,2,3,1,2,1,2,2,4,4,3,2,2,2,3,2,4,4,1,1,1,1,4,4,4,3,3,4,2,"1"
"SLF_10_086",0,2,1,0,0,0,0,3,0,0,0,0,0,0,3,0,0,0,0,1,0,4,2,0,0,0,0,0,3,2,0,2,2,1,1,2,1,"2"
"SLF_10_086",0,2,1,0,0,0,0,3,0,0,0,0,0,0,3,0,0,0,0,1,0,4,2,0,0,0,0,0,3,2,0,2,2,1,1,2,1,"5"
"SLI_10_032",4,2,1,4,2,1,3,3,4,1,1,4,1,2,3,4,2,1,1,1,3,4,2,4,2,1,4,2,3,2,2,2,2,1,1,2,1,"2"
"SLF_10_263",4,2,1,4,2,1,3,3,4,1,1,4,1,2,3,4,2,1,1,1,3,4,2,4,2,1,4,2,3,2,2,2,2,1,1,2,1,"2"
"SLF_10_405",2,4,4,2,3,2,2,2,1,2,3,1,2,1,2,2,4,4,3,2,2,2,3,2,4,4,1,1,1,1,4,4,4,3,3,4,2,"1"
"SLF_10_426",2,4,4,2,3,2,2,2,1,2,3,1,2,1,2,2,4,4,3,2,2,2,3,2,4,4,1,1,1,1,4,4,4,3,3,4,2,"1"
"SLI_09_105",2,4,4,2,3,2,2,2,1,2,3,1,2,1,2,2,4,4,3,2,2,2,3,2,4,4,1,1,1,1,4,4,4,3,3,4,2,"1"
"SLI_09_25",2,4,4,2,3,2,2,2,1,2,3,1,2,1,2,2,4,4,3,2,2,2,3,2,4,4,1,1,1,1,4,4,4,3,3,4,2,"1"
"SLF_09_281",0,2,1,0,2,1,0,3,0,1,0,4,1,0,3,4,2,1,1,1,3,4,2,4,2,1,4,2,3,2,2,2,2,1,1,2,1,"2"
"SLF_09_327",4,2,1,4,2,1,3,3,4,1,1,4,1,2,3,4,2,1,1,1,3,4,2,4,2,1,4,2,3,2,2,0,2,1,1,2,1,"2"
"SLF_10_264",2,4,4,2,3,2,2,2,1,2,3,1,2,1,2,2,4,4,3,2,2,2,3,2,4,4,1,1,1,1,4,0,4,3,0,0,0,"1"
"SLI_09_139",2,4,4,2,3,2,2,2,1,2,3,1,2,1,2,2,4,4,3,2,2,2,3,2,4,4,1,1,1,1,4,4,4,3,3,4,2,"1"
"SLI_09_56",2,4,4,2,3,2,2,2,1,2,3,1,2,1,2,2,4,4,3,2,2,2,3,2,4,4,1,1,1,1,4,4,4,3,3,4,2,"1"
"SLF_09_414",4,2,1,4,2,1,3,3,4,1,1,4,1,2,3,4,2,1,1,1,3,4,2,4,2,1,4,2,3,2,2,2,2,1,1,2,1,"2"
"SLI_09_43",4,2,1,4,2,1,3,0,4,1,1,4,1,0,3,0,0,0,0,1,3,4,2,4,2,1,4,2,3,2,0,2,2,1,0,2,1,"2"
"SLF_10_427",2,4,4,2,3,2,2,2,1,2,3,1,2,1,2,2,4,4,3,2,2,2,3,2,4,4,1,1,1,1,4,4,0,3,3,4,2,"1"
"SLF_10_396",2,4,4,2,3,2,2,2,1,2,3,1,2,1,2,2,4,4,3,2,2,2,3,2,4,4,1,1,1,1,4,4,4,3,3,4,2,"1"
"SLI_09_181",2,4,4,2,3,2,2,2,1,2,3,1,2,1,2,2,4,4,3,2,2,2,3,2,4,4,1,1,1,1,4,4,4,3,3,0,2,"1"
"SLF_10_261",4,2,1,4,2,1,3,3,4,1,1,4,1,2,3,4,2,1,1,1,3,4,2,4,2,1,4,2,3,2,2,2,2,1,1,2,1,"2"
"SLI_10_025",4,2,1,2,3,2,2,2,1,2,3,1,2,1,2,2,4,4,3,2,2,2,3,2,4,4,1,1,1,1,0,4,4,3,3,4,2,"3"
"SLI_09_103",2,4,4,2,3,2,2,2,1,2,3,1,2,1,2,2,4,4,3,2,2,2,3,2,4,4,1,1,1,1,4,4,4,3,3,4,2,"1"
"SLI_10_061",4,2,1,4,2,1,3,3,4,1,1,4,1,2,3,4,2,1,1,1,3,4,2,4,2,1,4,2,3,2,2,2,2,1,1,2,1,"2"
"SLI_09_220",4,2,1,4,2,1,3,3,4,1,1,4,1,2,3,4,2,1,1,1,3,4,2,4,2,1,4,2,3,2,2,2,2,1,1,2,1,"2"
"SLI_10_031",2,4,4,2,3,2,2,2,1,2,3,1,2,1,2,2,4,4,3,2,2,2,3,2,4,4,1,1,1,1,4,4,4,3,3,0,2,"1"
"SLF_10_311",4,2,1,4,2,1,3,3,4,1,1,4,1,2,3,4,2,1,1,1,3,4,2,4,2,1,4,2,3,2,2,2,2,1,1,2,1,"2"
"SLI_09_192",2,4,4,2,3,2,2,2,1,2,3,1,2,1,2,2,4,4,3,2,2,2,3,2,4,4,1,1,1,1,4,4,0,3,3,0,2,"1"
"SLF_10_411",2,4,4,2,3,2,2,2,1,2,3,1,2,1,2,2,4,4,3,2,2,2,3,2,4,4,1,1,1,1,4,4,4,3,3,0,2,"1"
"SLF_10_191",4,2,1,0,2,1,3,0,4,1,1,4,1,2,3,4,2,1,1,1,3,4,2,4,2,1,4,2,3,2,2,2,2,1,1,2,1,"2"
"SLI_09_140",2,4,4,2,3,2,2,2,1,2,3,1,2,1,2,2,4,4,3,2,2,2,3,2,4,4,1,1,1,1,4,4,4,3,3,4,2,"1"
"SLI_09_162",2,4,4,2,3,2,2,2,1,2,3,1,2,1,2,2,4,4,3,2,2,2,3,2,4,4,1,1,1,1,4,4,4,3,3,4,2,"1"
"SLF_09_282",4,2,1,4,2,1,3,3,4,1,1,4,1,2,3,4,2,1,1,1,3,4,2,4,2,1,4,2,3,2,0,2,2,1,1,2,1,"2"
"SLI_09_230",0,2,1,4,2,1,3,3,4,1,0,4,1,2,3,4,2,1,1,1,3,4,2,4,2,1,4,2,3,2,0,2,2,1,1,0,1,"2"
"SLI_09_117",2,4,4,2,3,2,2,2,1,2,3,1,2,1,2,2,4,4,3,2,2,2,3,2,4,4,1,1,1,1,4,4,4,3,3,4,2,"1"
"SLI_09_219",4,2,1,4,2,1,3,3,4,1,1,4,1,2,3,4,2,1,1,1,3,4,2,4,2,1,4,2,3,2,2,2,2,1,1,2,1,"2"
"SLF_10_238",2,4,4,2,3,2,2,2,1,2,3,1,2,1,2,2,4,4,3,2,2,2,3,2,4,4,1,1,1,1,4,4,4,3,3,4,2,"1"
"SLI_09_194",2,4,4,2,3,2,2,2,1,2,3,1,2,1,2,2,4,4,3,2,2,2,3,2,4,4,1,1,1,1,4,4,4,3,3,0,2,"1"
"SLI_09_175",2,4,4,2,3,2,2,2,1,2,3,1,2,1,2,2,4,4,3,2,2,2,3,2,4,4,1,1,1,2,2,2,2,1,1,2,1,"6"
"SLI_09_116",4,2,1,4,2,1,3,3,4,1,1,4,1,2,3,4,2,1,1,1,3,4,2,4,2,1,4,2,3,2,2,2,2,1,1,2,1,"2"
"SLI_09_202",4,2,1,4,2,1,3,3,4,1,1,4,1,2,3,4,2,1,1,1,3,4,2,4,2,1,4,2,3,2,2,2,2,1,1,2,1,"2"
"SLI_10_034",2,4,4,2,3,2,2,2,1,2,3,1,2,1,2,2,4,4,3,2,2,2,3,2,4,4,1,1,1,1,4,2,2,1,1,2,1,"7"
"SLI_09_107",2,4,4,2,3,2,2,2,1,2,3,1,2,1,2,2,4,4,3,2,2,2,3,2,4,4,1,1,1,1,4,4,4,3,3,4,2,"1"
"SLI_09_11",2,4,4,2,3,2,2,2,1,2,3,1,2,1,2,2,4,4,3,2,2,2,3,2,4,4,1,1,1,1,4,4,4,3,3,0,2,"1"
"SLI_10_016",0,2,0,4,3,2,3,3,1,2,3,4,1,1,3,4,2,1,1,2,3,4,2,4,2,1,4,2,3,2,2,2,2,1,1,2,1,"undetermined"
"SLF_10_117",0,2,0,4,3,2,3,3,1,2,3,4,1,1,3,4,2,1,1,2,3,4,2,4,2,1,4,2,3,2,2,2,2,1,1,0,1,"undetermined"
"SLI_09_204",0,2,0,4,0,0,3,3,1,2,3,4,1,0,3,4,2,1,1,2,3,4,2,4,2,1,4,2,3,2,2,2,2,1,1,2,1,"undetermined"
"SLF_09_291",0,2,0,0,2,2,2,2,0,2,3,4,1,1,3,4,2,1,1,2,3,4,2,4,2,1,4,2,3,2,2,0,2,1,1,0,1,"undetermined"
"SLF_09_290",0,2,0,4,3,2,3,3,1,2,3,4,1,1,3,4,2,1,1,2,3,4,2,4,2,1,4,2,3,2,0,0,2,0,1,2,1,"undetermined"
"SLF_09_247",0,2,0,0,2,2,2,2,1,2,3,4,1,1,3,4,2,1,1,2,3,4,2,4,2,1,4,2,3,2,2,0,2,1,1,0,1,"undetermined"
"SLI_10_590",0,2,1,4,0,0,3,3,4,2,3,4,1,1,2,2,4,4,0,2,3,4,2,4,2,1,4,2,3,2,0,0,2,1,1,2,0,"undetermined"
"SLI_10_022",0,2,0,4,3,2,3,3,1,2,3,4,1,1,3,4,2,1,1,2,3,4,2,4,2,1,4,2,3,2,2,0,2,1,1,0,1,"undetermined"
"SLF_09_392",0,2,0,0,0,0,3,3,0,2,0,4,1,1,3,4,2,1,0,2,0,4,2,4,2,1,4,2,3,2,0,2,2,1,1,2,1,"undetermined"
"SLF_09_379",0,2,0,4,2,1,3,3,0,0,0,4,1,0,3,4,2,1,1,2,3,4,2,4,2,1,4,2,3,2,2,2,2,1,1,2,1,"undetermined"
"SLI_10_073",2,4,4,2,3,2,2,2,1,2,3,1,2,1,2,2,4,4,3,2,2,2,3,4,4,4,1,1,1,1,4,4,4,3,3,0,2,"undetermined"
"SLI_10_593",0,2,1,4,0,0,3,3,4,2,3,4,1,1,2,2,4,4,0,2,3,4,2,4,2,1,4,2,3,2,0,0,2,1,1,2,0,"undetermined"
"SLF_10_312",0,2,0,0,0,0,3,0,0,2,0,0,0,1,3,0,0,0,1,2,3,4,2,4,0,0,0,0,3,2,0,2,2,1,1,0,1,"undetermined"
"SLF_09_397",0,2,1,4,0,0,3,3,1,2,0,4,1,0,3,4,2,1,1,0,3,4,2,4,2,1,4,2,3,2,2,0,2,1,1,0,1,"undetermined"
"SLF_10_252",0,2,0,0,0,0,2,2,1,2,3,4,1,1,3,4,2,1,1,2,3,4,2,4,2,1,4,2,3,2,2,2,2,1,1,2,1,"undetermined"
"SLF_10_082",0,2,0,4,0,0,3,3,1,2,3,4,1,1,3,4,2,1,1,2,3,4,2,4,2,1,4,2,3,2,0,2,2,1,1,2,1,"undetermined"
"SLF_09_277",0,2,0,0,2,2,2,2,0,2,3,4,1,1,3,4,2,1,1,2,3,4,2,4,2,1,4,2,3,2,2,0,2,1,1,0,1,"undetermined"
"SLI_10_069",2,2,1,4,2,2,3,3,4,2,3,4,1,0,2,0,0,0,0,2,3,4,2,4,2,1,4,2,3,2,2,0,2,1,1,2,1,"undetermined"
"SLI_10_610",0,2,1,0,2,2,3,3,4,2,3,4,1,1,2,2,4,4,0,2,3,4,2,4,2,1,4,2,3,2,2,0,2,1,0,2,1,"undetermined"
"SLI_10_010",0,2,0,4,3,2,3,3,1,2,3,4,1,1,3,4,2,1,1,2,3,4,2,4,2,1,4,2,3,2,2,0,2,1,1,0,1,"undetermined"
"SLI_09_148",2,0,0,2,0,0,2,2,1,0,0,0,0,0,0,0,0,0,0,0,0,0,0,4,0,0,0,0,0,0,0,0,4,3,3,0,0,"undetermined"
"SLI_10_608",0,2,1,0,2,2,3,3,4,2,3,4,1,1,2,2,4,4,0,2,3,4,2,4,2,1,4,2,3,2,2,0,2,1,0,2,1,"undetermined"
"SLF_09_285",0,2,0,4,3,2,3,3,1,2,3,4,1,1,3,4,2,1,1,2,3,4,2,4,2,1,4,2,3,2,0,0,2,0,1,2,1,"undetermined"
"SLI_10_021",0,2,0,4,3,2,3,3,1,2,3,4,1,1,3,4,2,1,1,2,3,4,2,4,2,1,4,2,3,2,2,0,2,1,1,0,1,"undetermined"
"SLI_09_221",0,2,0,0,0,0,2,2,1,2,0,0,0,2,0,4,2,1,1,1,0,4,2,4,0,0,0,0,3,2,0,0,2,1,1,2,0,"undetermined"
