"idMG","S1_1001162","S1_1001511","S1_1009316","S1_1019523","S1_1019634","S1_1019648","S1_1020373","S1_1029542","S1_1030434","S1_1031758","S1_1049575","S1_1053530","S1_1053535","S1_1053703","S1_1059696","S1_1062835","S1_1062848","S1_1062853","S1_1062957","S1_1063050","S1_1066894","S1_1067113","S1_1067116","S1_1067668","S1_1069360","S1_1069362","S1_1069363","S1_1069365","S1_1069784","S1_1081413","S1_1089727","S1_1188838","S1_1196763","S1_1197550","S1_1199213","S1_1204373","S1_1206067"
"SLI_10_016",0,2,0,4,3,2,3,3,1,2,3,4,1,1,3,4,2,1,1,2,3,4,2,4,2,1,4,2,3,2,2,2,2,1,1,2,1
"SLF_10_117",0,2,0,4,3,2,3,3,1,2,3,4,1,1,3,4,2,1,1,2,3,4,2,4,2,1,4,2,3,2,2,2,2,1,1,0,1
"SLI_09_204",0,2,0,4,0,0,3,3,1,2,3,4,1,0,3,4,2,1,1,2,3,4,2,4,2,1,4,2,3,2,2,2,2,1,1,2,1
"SLF_09_291",0,2,0,0,2,2,2,2,0,2,3,4,1,1,3,4,2,1,1,2,3,4,2,4,2,1,4,2,3,2,2,0,2,1,1,0,1
"SLF_09_290",0,2,0,4,3,2,3,3,1,2,3,4,1,1,3,4,2,1,1,2,3,4,2,4,2,1,4,2,3,2,0,0,2,0,1,2,1
"SLF_09_247",0,2,0,0,2,2,2,2,1,2,3,4,1,1,3,4,2,1,1,2,3,4,2,4,2,1,4,2,3,2,2,0,2,1,1,0,1
"SLI_10_590",0,2,1,4,0,0,3,3,4,2,3,4,1,1,2,2,4,4,0,2,3,4,2,4,2,1,4,2,3,2,0,0,2,1,1,2,0
"SLI_10_022",0,2,0,4,3,2,3,3,1,2,3,4,1,1,3,4,2,1,1,2,3,4,2,4,2,1,4,2,3,2,2,0,2,1,1,0,1
"SLF_09_392",0,2,0,0,0,0,3,3,0,2,0,4,1,1,3,4,2,1,0,2,0,4,2,4,2,1,4,2,3,2,0,2,2,1,1,2,1
"SLF_09_379",0,2,0,4,2,1,3,3,0,0,0,4,1,0,3,4,2,1,1,2,3,4,2,4,2,1,4,2,3,2,2,2,2,1,1,2,1
"SLI_10_073",2,4,4,2,3,2,2,2,1,2,3,1,2,1,2,2,4,4,3,2,2,2,3,4,4,4,1,1,1,1,4,4,4,3,3,0,2
"SLI_10_593",0,2,1,4,0,0,3,3,4,2,3,4,1,1,2,2,4,4,0,2,3,4,2,4,2,1,4,2,3,2,0,0,2,1,1,2,0
"SLF_10_312",0,2,0,0,0,0,3,0,0,2,0,0,0,1,3,0,0,0,1,2,3,4,2,4,0,0,0,0,3,2,0,2,2,1,1,0,1
"SLF_09_397",0,2,1,4,0,0,3,3,1,2,0,4,1,0,3,4,2,1,1,0,3,4,2,4,2,1,4,2,3,2,2,0,2,1,1,0,1
"SLF_10_252",0,2,0,0,0,0,2,2,1,2,3,4,1,1,3,4,2,1,1,2,3,4,2,4,2,1,4,2,3,2,2,2,2,1,1,2,1
"SLF_10_082",0,2,0,4,0,0,3,3,1,2,3,4,1,1,3,4,2,1,1,2,3,4,2,4,2,1,4,2,3,2,0,2,2,1,1,2,1
"SLF_09_277",0,2,0,0,2,2,2,2,0,2,3,4,1,1,3,4,2,1,1,2,3,4,2,4,2,1,4,2,3,2,2,0,2,1,1,0,1
"SLI_10_069",2,2,1,4,2,2,3,3,4,2,3,4,1,0,2,0,0,0,0,2,3,4,2,4,2,1,4,2,3,2,2,0,2,1,1,2,1
"SLI_10_610",0,2,1,0,2,2,3,3,4,2,3,4,1,1,2,2,4,4,0,2,3,4,2,4,2,1,4,2,3,2,2,0,2,1,0,2,1
"SLI_10_010",0,2,0,4,3,2,3,3,1,2,3,4,1,1,3,4,2,1,1,2,3,4,2,4,2,1,4,2,3,2,2,0,2,1,1,0,1
"SLI_09_148",2,0,0,2,0,0,2,2,1,0,0,0,0,0,0,0,0,0,0,0,0,0,0,4,0,0,0,0,0,0,0,0,4,3,3,0,0
"SLI_10_608",0,2,1,0,2,2,3,3,4,2,3,4,1,1,2,2,4,4,0,2,3,4,2,4,2,1,4,2,3,2,2,0,2,1,0,2,1
"SLF_09_285",0,2,0,4,3,2,3,3,1,2,3,4,1,1,3,4,2,1,1,2,3,4,2,4,2,1,4,2,3,2,0,0,2,0,1,2,1
"SLI_10_021",0,2,0,4,3,2,3,3,1,2,3,4,1,1,3,4,2,1,1,2,3,4,2,4,2,1,4,2,3,2,2,0,2,1,1,0,1
"SLI_09_221",0,2,0,0,0,0,2,2,1,2,0,0,0,2,0,4,2,1,1,1,0,4,2,4,0,0,0,0,3,2,0,0,2,1,1,2,0
