SNPID	CHR	POS	Non_Effect_Allele	Effect_Allele	N_Samples	AF	Beta_Marginal	SE_Beta_Marginal	P_Value_Marginal	Beta_G	Beta_G-sex	SE_Beta_G	SE_Beta_G-sex	Cov_Beta_G_G-sex	P_Value_Interaction	P_Value_Joint
L8	1	9	C	A	10000	0.806501096859574	0.704820178169757	0.233208016864955	0.538852445036173	0.954931221716106	-0.0689999821595848	0.573499980475753	1.18451352482662	0.0621287050587125	0.640056495368481	0.861396614462137
L4	1	6	C	G	10000	0.776959282532334	0.040837064338848	0.899201108515263	0.468004470877349	0.255836372356862	-0.179779197019525	0.253429452034179	1.50911717512645	0.317511049483437	0.278781219013035	0.577861991338432
L3	1	5	G	G	10000	0.670357642881572	0.508967224694789	0.446258292440325	0.173556210286915	0.663049731124193	0.145451181475073	0.134186580146197	1.27103738517035	0.278634574557655	0.75048547629267	0.416622197069228
L9	1	7	G	G	10000	0.687050012312829	-0.0601076712366194	0.67218842045404	0.694496446661651	0.0385623848997057	1.25107353567146	1.02911469758255	1.52424612583127	0.227445934985299	0.62663930542767	0.100269002467394
L1	1	4	A	C	10000	0.546169178187847	0.548143055709079	1.06322609530762	0.567454417981207	0.9224883957766	0.941172835300677	0.8715787976305	1.54249429220799	0.260525720859878	0.77467902302742	0.643954122811556
L5	1	8	C	A	10000	0.668618877511472	0.370326777873561	0.874319166550413	0.787260625511408	0.285619133152068	-0.0834357060026378	0.256406831543427	0.868454411136918	0.252403803870548	0.574959980882704	0.131152596138418
L7	1	2	C	T	10000	0.616793837491423	-0.136355251586065	1.00154590690508	0.29081012737006	0.0990041512064636	0.292869976582006	0.673269526204094	1.52884727350902	0.140129533442669	0.679006398096681	0.736825398728251
L6	1	3	T	T	10000	0.606898838188499	0.388053566403687	0.645434904750437	0.784268669039011	0.853390122018755	0.317012689635158	0.177550307314377	1.43551173487213	0.306785687415395	0.805155877768993	0.508369149640203
L2	1	1	C	C	10000	0.706182288844138	0.401076252060011	0.924324784101918	0.42030239533633	0.929704515356571	0.997921566665173	0.688216926171444	0.891554493713193	0.379829852217808	0.2484828568995	0.547054997459054
