SNPID	CHR	POS	Non_Effect_Allele	Effect_Allele	N_Samples	AF	Beta_Marginal	SE_Beta_Marginal	P_Value_Marginal	Beta_G	Beta_G-sex	SE_Beta_G	SE_Beta_G-sex	Cov_Beta_G_G-sex	P_Value_Interaction	P_Value_Joint
L3	1	3	T	C	10000	0.534260433353484	0.63045983617194	0.934729120368138	0.339183295890689	0.158174081612378	1.31304467711598	0.241770523926243	0.982526469766162	0.35252244703006	0.314785196445882	0.43477130215615
L6	1	6	G	A	10000	0.744067327212542	0.78932668636553	0.856696375785395	0.223248518444598	0.752133459970355	0.587041371897794	0.665709031743463	0.934254970168695	0.25168719420908	0.36136076785624	0.775408618338406
L2	1	8	T	G	10000	0.6512072538957	0.726875935634598	0.746366404602304	0.509342995099723	0.292032190132886	0.213931613508612	1.068309357611	1.18888013784308	0.112393821238074	0.339911196380854	0.411245743185282
L4	1	4	T	A	10000	0.632456377334893	0.369314541760832	0.752374183991924	0.590814728476107	0.959716389607638	1.37698640271556	1.16004045031499	1.12018773462623	0.0764164889836684	0.808644536323845	0.256574068963528
L5	1	9	A	T	10000	0.59463275782764	-0.122325738705695	0.737449823087081	0.150789903663099	0.408723709173501	-0.083867920935154	0.329565886005294	1.3531558100367	0.376997425693553	0.449308314733207	0.62356398832053
L1	1	2	A	C	10000	0.769732072204351	0.198379290709272	0.174536126572639	0.197283592820168	0.312032521981746	0.160800193436444	0.35982665363932	1.18678205946926	0.272283998304047	0.517059081979096	0.54160690959543
L7	1	7	G	G	10000	0.635348963364959	-0.11880567278713	0.534781871037558	0.240651889704168	0.499694683868438	1.05406011054292	0.892204905475955	1.07042385477107	0.294600901335944	0.611446407623589	0.871268604137003
L9	1	5	T	G	10000	0.863238668441773	0.779556886246428	0.5117935388349	0.356306348741055	0.523019939567894	0.95217109892983	0.511739528488833	0.789243986154906	0.274140704076272	0.543788726255298	0.766034600697458
L8	1	1	T	A	10000	0.59336638553068	0.728312631323934	0.162327384483069	0.199608740583062	0.885850145667792	0.190344204637222	0.799745729900896	1.30249861187767	0.388557369019836	0.786114022135735	0.475819356739521
