SNPID	CHR	POS	Non_Effect_Allele	Effect_Allele	N_Samples	AF	Beta_Marginal	SE_Beta_Marginal	P_Value_Marginal	Beta_G	Beta_G-sex	SE_Beta_G	SE_Beta_G-sex	Cov_Beta_G_G-sex	P_Value_Interaction	P_Value_Joint
L4	1	2	G	G	10000	0.538888758700341	0.655691716540605	0.77158963647671	0.127345522306859	0.928627196606249	0.961161772347987	0.736464271671139	1.18592911616433	0.185514210727997	0.739120567962527	0.272760100662708
L2	1	5	T	C	10000	0.713545893505216	0.0295332867652178	1.02068518605083	0.124330768920481	0.756907665170729	1.08597901845351	0.719803859910462	1.3011955589056	0.217108720152173	0.44671782720834	0.262625184468925
L3	1	1	C	G	10000	0.866457343567163	0.442396291485056	0.364162644045427	0.267939637415111	0.649356408137828	1.05609268876724	0.499662454898935	1.00501121168491	0.177741651528049	0.532842731848359	0.250061447918415
L1	1	6	A	G	10000	0.753202688787133	0.693435059813783	0.322273970255628	0.584979294613004	0.937672768253833	0.665543627622537	0.246104114721529	1.31069686838891	0.169237084591296	0.797216964326799	0.838161705620587
L8	1	3	C	C	10000	0.616446535848081	0.754051020555198	0.182829796010628	0.580979896523058	0.275512772705406	1.23531284825876	1.14434618017636	1.43671280480921	0.114789796241093	0.27787662409246	0.410352951288223
L7	1	7	G	T	10000	0.879674214404076	0.210592021187767	0.456971036177129	0.698319642432034	0.669409327767789	1.01843839830253	0.912743220585398	1.18677312184591	0.178035486112349	0.529764136858284	0.745049493759871
L5	1	4	A	G	10000	0.609968830551952	0.0911680268589407	0.388108783774078	0.765474921092391	0.757025455497205	1.02197626258712	1.07016654696083	1.5334234487731	0.222855525522027	0.307389478944242	0.255945812538266
L6	1	8	G	G	10000	0.817949810624123	0.236393601121381	0.240664018457755	0.698119767382741	-0.0451825781725347	0.546845222869888	0.1683009386505	0.803945527272299	0.190835214538965	0.298600219003856	0.150117157772183
L9	1	9	G	G	10000	0.617050631903112	0.468658261420205	0.385643292590976	0.417171637900174	0.498015605658293	1.10438534833957	0.931240415556822	0.938052119198255	0.166221392112784	0.169858922995627	0.560342682152987
