SNPID	CHR	POS	Non_Effect_Allele	Effect_Allele	N_Samples	AF	Beta_Marginal	SE_Beta_Marginal	P_Value_Marginal	Beta_G	Beta_G-sex	SE_Beta_G	SE_Beta_G-sex	Cov_Beta_G_G-sex	P_Value_Interaction	P_Value_Joint
L4	1	4	C	T	10000	0.585279281809926	0.545305138640106	0.528937298478559	0.397038540802896	0.047132330480963	-0.00148537913337352	0.809637460703961	0.902567165531218	0.275646726493724	0.837812885642052	0.294300048798323
L1	1	8	T	C	10000	0.869394721928984	0.497649791371077	1.00423032059334	0.415131149254739	0.271137388236821	0.203350065206177	0.424105657918844	0.759700939967297	0.352103970637545	0.766374577581883	0.678084196522832
L6	1	6	T	T	10000	0.716060711629689	0.726145187346265	1.01763348458335	0.730712826922536	0.405716988630593	0.016899876925163	1.09345790010877	1.46025247608777	0.152794393943623	0.781732872873545	0.670992621779442
L3	1	2	G	G	10000	0.619718498177826	0.0626264991704374	1.07080490272492	0.262144629843533	0.904275897052139	-0.0863686451222748	0.412456811056472	1.38454995658249	0.078180703970138	0.761727945506573	0.109957879222929
L9	1	1	T	C	10000	0.556160444021225	0.608712806319818	0.362154483934864	0.889520456828177	0.540376374684274	1.1542208498111	0.695276994886808	0.949272921215743	0.229334537663963	0.623633093014359	0.420322756282985
L2	1	7	C	T	10000	0.620201518386602	-0.0177243547979742	0.681015360774472	0.841782125458121	0.0317969381809235	0.314540621056221	0.362493172986433	0.753469876945019	0.275559530046303	0.621650404296815	0.151518170535564
L5	1	5	C	A	10000	0.815418873541057	0.111861298047006	1.04561514328234	0.763387548550963	0.334880464337766	0.53134430416394	0.361391276104841	1.35674560859334	0.125546557770576	0.861575718782842	0.662617734633386
L8	1	9	G	G	10000	0.664392222836614	0.113494302565232	0.345291966944933	0.547925464063883	0.426368894148618	0.849976634373888	0.282447368956637	0.973253262462094	0.299742484057788	0.742855551093817	0.861839636228979
L7	1	3	G	A	10000	0.591938889678568	0.0449172053020447	0.679296650830656	0.468848984315991	0.249935957044363	0.725175532652065	0.784279930791817	1.46856819344684	0.0301798175740987	0.718484182655811	0.263568572886288
