"loc.1"	"loc.2"	"loc.3"	"loc.4"	"loc.5"	"haplo.freq"
"1"	1	2	2	1	2	0.170020121
"2"	1	2	2	1	1	0.162977867
"3"	1	1	2	1	1	0.123742455
"4"	1	2	1	1	2	0.117706237
"5"	1	2	2	2	1	0.097585513
"6"	1	2	1	1	1	0.084507042
"7"	1	1	2	2	1	0.04527163
"8"	1	1	1	1	2	0.039235412
"9"	1	2	1	2	1	0.032193159
"10"	1	1	1	2	1	0.019114688
"11"	2	2	1	1	2	0.019114688
"12"	1	1	2	1	2	0.013078471
"13"	1	1	2	2	2	0.013078471
"14"	1	2	2	2	2	0.013078471
"15"	2	2	2	1	2	0.013078471
"16"	1	1	1	1	1	0.006036217
"17"	2	1	1	1	1	0.006036217
"18"	2	1	2	1	1	0.006036217
"19"	2	2	1	1	1	0.006036217
"20"	2	2	1	2	1	0.006036217
"21"	2	2	2	1	1	0.006036217
