"resp"	"resp.cat"	"male"	"age"	"DPB.a1"	"DPB.a2"	"DPA.a1"	"DPA.a2"	"DMA.a1"	"DMA.a2"	"DMB.a1"	"DMB.a2"	"TAP1.a1"	"TAP1.a2"	"TAP2.a1"	"TAP2.a2"	"DQB.a1"	"DQB.a2"	"DQA.a1"	"DQA.a2"	"DRB.a1"	"DRB.a2"	"B.a1"	"B.a2"	"A.a1"	"A.a2"
"1"	3.701	"high"	1	15	2012	1301	103	201	101	101	101	101	"A"	"A"	"A"	"B"	31	32	301	501	4	11	62	61	11	24
"2"	1.179	"normal"	0	15	1011	401	103	201	101	101	101	101	"A"	"A"	"A"	"A"	21	62	102	201	2	7	7	44	3	23
"3"	1.66	"normal"	1	17	401	401	103	103	101	101	101	101	"A"	"A"	"A"	"B"	31	63	103	501	1	13	27	62	2	2
"4"	1.967	"normal"	0	21	301	11011	103	201	101	101	101	104	"A"	"B"	"A"	"A"	21	31	201	501	7	7	7	44	3	30
"5"	0.796	"low"	0	15	301	1001	103	201	101	101	101	101	"A"	"B"	"A"	"A"	31	42	401	501	8	11	51	55	2	2
"6"	1.153	"normal"	1	15	402	11011	103	201	101	101	101	101	"A"	"A"	"A"	"A"	21	21	201	501	3	7	8	44	1	2
"7"	1.308	"normal"	0	15	401	401	103	103	101	101	101	101	"A"	"A"	"0"	"0"	62	64	102	501	2	13	7	63	1	3
"9"	2.086	"normal"	1	15	401	402	103	103	101	101	101	101	"A"	"A"	"A"	"B"	61	31	501	501	13	11	44	44	24	30
"11"	1.155	"normal"	1	15	2012	401	103	103	101	101	103	103	"A"	"A"	"A"	"B"	62	63	102	103	2	2	7	35	3	3
"12"	1.551	"normal"	1	20	401	402	103	103	101	101	101	101	"A"	"A"	"B"	"B"	51	51	101	101	1	1	27	35	2	11
"14"	1.229	"normal"	0	15	0	0	103	103	101	101	101	103	"A"	"A"	"0"	"0"	31	32	301	301	4	4	44	60	2	2
"15"	2.373	"normal"	0	14	1011	402	103	201	101	101	101	101	"A"	"C"	"A"	"A"	62	32	102	301	2	4	55	27	2	23
"16"	2.43	"normal"	0	15	0	0	103	202	101	101	101	101	"A"	"A"	"A"	"B"	63	63	103	501	13	13	44	62	3	24
"17"	2.216	"normal"	1	15	401	401	103	103	101	101	101	103	"A"	"A"	"A"	"A"	62	32	102	301	2	4	7	60	2	3
"18"	2.365	"normal"	0	15	1011	2012	103	201	101	101	101	101	"A"	"A"	"A"	"B"	51	63	101	103	1	13	51	7	3	11
"19"	2.927	"high"	1	15	1011	2301	103	201	101	101	101	101	"A"	"A"	"A"	"B"	51	62	101	103	1	13	51	35	2	3
"20"	2.558	"normal"	0	15	2012	401	103	103	101	101	101	101	"A"	"A"	"A"	"B"	31	63	103	501	7	13	55	61	2	26
"21"	1.097	"normal"	0	15	2012	401	103	103	101	102	101	101	"A"	"A"	"A"	"E"	62	31	102	501	2	14	7	63	3	24
"22"	2.634	"normal"	1	14	401	401	103	103	101	103	101	104	"A"	"B"	"0"	"0"	62	42	102	401	2	8	7	18	3	24
"23"	1.7	"normal"	1	15	2012	401	103	103	101	102	101	101	"A"	"A"	"A"	"C"	31	64	0	0	4	13	60	61	1	2
"24"	1.95	"normal"	1	20	301	401	103	103	101	101	101	101	"A"	"A"	"0"	"0"	31	52	102	301	2	4	44	27	2	32
"25"	1.883	"normal"	1	15	1011	1011	201	201	101	101	101	101	"A"	"A"	"A"	"A"	21	21	501	501	3	3	8	44	1	3
"26"	2.392	"normal"	0	14	1011	402	103	201	101	101	101	101	"A"	"A"	"A"	"B"	51	21	101	501	1	3	8	60	2	26
"27"	1.891	"normal"	1	15	401	401	103	103	101	103	101	101	"A"	"B"	"0"	"0"	42	42	301	401	4	8	35	60	2	31
"28"	2.197	"normal"	1	87	401	601	103	103	101	101	101	101	"B"	"B"	"A"	"A"	64	32	102	301	2	4	51	7	3	28
"29"	1.399	"normal"	0	15	401	402	103	103	101	101	101	101	"A"	"B"	"A"	"B"	51	64	101	102	1	13	7	35	1	3
"30"	2.443	"normal"	1	14	301	1001	201	202	101	101	101	101	"A"	"B"	"A"	"B"	63	31	103	501	11	13	62	37	1	24
"31"	2.176	"normal"	0	15	401	401	103	103	101	101	101	101	"A"	"A"	"A"	"A"	64	62	102	102	2	13	57	35	2	26
"34"	0.639	"low"	1	15	1011	2012	103	201	101	101	101	101	"A"	"A"	"A"	"B"	31	21	501	501	3	11	8	27	1	31
"35"	0.181	"low"	1	15	2012	401	103	103	101	104	101	101	"A"	"A"	"A"	"A"	31	62	102	501	2	11	7	49	2	26
"36"	0.483	"low"	0	14	401	402	103	103	101	101	101	101	"A"	"A"	"0"	"0"	31	33	201	501	7	14	7	58	2	3
"37"	0.28	"low"	1	15	1011	401	103	201	101	101	101	101	"A"	"A"	"A"	"B"	63	32	103	301	4	13	38	60	2	28
"38"	2.09	"normal"	0	14	402	2301	0	0	0	0	0	0	"0"	"0"	"0"	"0"	51	62	101	102	1	2	18	35	3	25
"39"	0.506	"low"	0	15	1011	401	103	201	101	101	101	101	"A"	"B"	"A"	"A"	21	62	401	501	3	8	8	35	1	3
"40"	0.096	"low"	0	15	401	1601	103	103	101	101	101	101	"A"	"A"	"A"	"B"	31	31	501	501	11	11	35	37	1	2
"41"	0.402	"low"	1	15	402	402	103	103	101	101	101	101	"A"	"B"	"A"	"B"	63	32	103	301	4	13	60	55	28	31
"42"	0.354	"low"	0	15	2012	601	103	103	101	102	101	101	"A"	"A"	"A"	"B"	51	62	102	104	2	10	7	37	2	3
"43"	0.638	"low"	1	14	301	401	103	103	101	101	101	101	"A"	"A"	"B"	"B"	63	31	103	301	4	13	44	44	2	28
"44"	0.369	"low"	1	14	401	11011	103	201	101	101	101	102	"A"	"A"	"A"	"D"	31	31	301	301	4	4	44	44	2	2
"46"	0.674	"low"	0	15	2102	401	103	103	101	101	101	101	"A"	"A"	"A"	"B"	63	21	103	501	3	13	44	70	2	23
"48"	1.18	"normal"	0	16	401	401	103	103	101	101	101	101	"A"	"A"	"C"	"C"	62	62	102	102	2	2	7	44	2	25
"50"	0.704	"low"	1	15	401	1701	103	201	102	104	101	101	"A"	"A"	"B"	"B"	21	33	201	201	7	7	13	57	2	26
"51"	0.771	"low"	1	15	401	402	103	103	101	101	101	101	"A"	"C"	"A"	"A"	21	21	501	501	3	3	8	8	1	2
"52"	0.133	"low"	0	20	301	401	103	103	101	101	101	101	"A"	"A"	"A"	"A"	32	62	102	301	2	4	44	45	3	24
"53"	0.596	"low"	0	15	402	901	103	201	101	103	101	104	"B"	"B"	"0"	"0"	31	32	301	501	4	8	62	60	2	3
"54"	0.784	"low"	0	16	2012	2012	103	103	104	104	101	101	"A"	"A"	"A"	"B"	21	62	102	201	2	7	44	18	3	25
"55"	0.71	"low"	1	20	1011	1011	201	201	101	101	101	101	"A"	"A"	"A"	"A"	21	21	501	501	3	3	8	8	1	1
"56"	0.017	"low"	0	15	1011	401	103	201	101	101	101	104	"A"	"A"	"A"	"A"	51	21	101	501	1	3	8	58	1	1
"57"	0.401	"low"	0	17	401	501	103	202	101	101	101	104	"A"	"A"	"A"	"B"	62	21	102	501	2	3	8	18	1	32
"58"	0.664	"low"	0	15	401	401	103	103	101	101	103	103	"A"	"B"	"C"	"D"	53	31	104	301	4	14	44	55	2	11
"59"	0.676	"low"	0	16	401	401	103	103	101	101	101	103	"A"	"A"	"B"	"B"	51	21	101	201	1	7	44	13	1	32
"60"	0.692	"low"	0	18	301	402	103	103	101	101	101	101	"A"	"A"	"A"	"A"	64	21	102	501	3	13	8	44	1	2
"62"	1.878	"normal"	0	15	301	1401	103	201	101	101	101	101	"A"	"A"	"B"	"B"	31	31	501	601	8	13	35	41	2	26
"63"	0.607	"low"	1	18	1011	301	103	201	101	101	101	101	"A"	"A"	"B"	"B"	51	21	101	201	1	7	13	44	2	30
"64"	0	"low"	0	17	2012	1001	103	201	101	101	101	102	"A"	"A"	"A"	"C"	31	31	501	501	11	11	18	56	32	24
"65"	0.044	"low"	1	15	1011	2012	103	201	101	101	101	101	"A"	"A"	"A"	"A"	63	21	103	501	3	13	8	60	1	2
"66"	0.725	"low"	0	16	301	301	103	103	102	104	101	101	"A"	"B"	"A"	"B"	63	62	102	401	2	8	18	18	2	25
"67"	0.134	"low"	0	15	402	402	103	103	101	101	101	101	"A"	"B"	"A"	"A"	63	32	102	301	2	4	44	62	3	29
"68"	0	"low"	0	15	301	401	103	103	101	101	101	101	"A"	"A"	"A"	"A"	51	21	101	201	1	7	62	47	2	3
"69"	0.438	"low"	1	17	1011	401	103	201	101	101	101	102	"A"	"A"	"A"	"A"	21	32	301	501	4	3	8	60	1	1
"70"	0.432	"low"	1	22	901	1401	201	202	101	101	101	101	"A"	"A"	"A"	"A"	61	61	103	301	2	4	52	61	11	24
"71"	0.358	"low"	0	16	2012	2012	103	103	101	101	101	101	"A"	"A"	"A"	"A"	21	31	501	501	3	11	44	35	2	24
"72"	0.758	"low"	1	15	1011	401	103	201	101	101	101	101	"A"	"A"	"A"	"E"	32	62	102	301	2	4	60	60	2	32
"73"	0.622	"low"	1	16	401	402	103	103	101	101	101	103	"A"	"B"	"A"	"C"	21	31	501	501	3	11	8	60	1	2
"74"	0.361	"low"	1	15	2012	401	103	103	101	101	101	101	"A"	"B"	"A"	"B"	31	64	102	501	13	13	7	14	28	24
"75"	0.717	"low"	1	15	301	11011	103	201	101	101	101	104	"A"	"B"	"A"	"A"	63	21	102	201	7	13	44	60	2	2
"76"	0.738	"low"	1	15	1011	1301	201	201	101	101	101	101	"A"	"A"	"A"	"B"	21	33	201	501	7	3	8	57	1	2
"77"	0.685	"low"	0	15	401	402	103	103	101	101	101	101	"A"	"C"	"A"	"A"	21	32	301	501	3	4	8	8	1	11
"78"	0.729	"low"	1	15	2012	301	103	103	101	101	101	101	"A"	"B"	"A"	"C"	53	33	104	301	9	14	35	60	2	3
"79"	0.76	"low"	0	24	401	401	103	103	101	101	101	103	"A"	"A"	"0"	"0"	21	31	201	301	4	7	44	13	2	24
"80"	2.904	"high"	1	15	2012	1901	103	202	101	102	101	101	"A"	"C"	"A"	"A"	21	64	102	201	7	13	7	60	2	24
"81"	2.981	"high"	0	16	2012	1301	103	201	101	101	101	102	"A"	"A"	"C"	"C"	53	62	102	104	2	9	51	18	2	25
"82"	3.12	"high"	0	15	402	601	103	103	101	103	101	101	"A"	"B"	"A"	"C"	62	53	102	104	2	14	27	55	2	2
"83"	0.682	"low"	1	16	401	1501	103	104	101	101	101	101	"A"	"C"	"A"	"A"	31	62	102	301	2	4	35	35	3	11
"84"	0.432	"low"	1	20	301	1301	103	103	101	101	101	103	"A"	"A"	"A"	"C"	52	31	102	601	2	2	44	56	2	2
"85"	0.615	"low"	0	18	401	11011	103	201	101	101	101	101	"A"	"A"	"A"	"A"	21	21	201	501	3	7	8	44	1	29
"87"	0.533	"low"	1	15	401	401	103	103	101	101	101	101	"A"	"A"	"A"	"A"	51	64	101	102	1	13	8	14	3	26
"88"	0.672	"low"	1	15	401	1401	103	201	101	102	101	101	"A"	"A"	"A"	"C"	31	31	301	301	4	4	44	35	2	32
"89"	0.332	"low"	0	15	2012	401	103	103	101	102	101	101	"A"	"A"	"A"	"A"	21	21	201	501	7	3	8	35	1	11
"91"	0.719	"low"	1	20	1011	401	103	201	101	101	101	101	"A"	"A"	"A"	"A"	31	21	301	501	4	3	8	44	2	2
"93"	0.333	"low"	0	15	401	402	103	103	101	101	101	101	"A"	"A"	"B"	"B"	51	63	101	103	1	13	0	0	0	0
"94"	0.612	"low"	0	15	401	401	103	103	101	101	101	103	"A"	"A"	"A"	"B"	21	33	301	501	9	9	51	8	1	1
"95"	0.621	"low"	0	15	401	20011	103	103	101	102	101	101	"A"	"A"	"A"	"B"	51	51	101	101	1	1	27	35	2	3
"96"	0.378	"low"	1	15	401	401	103	103	101	103	101	103	"A"	"A"	"0"	"0"	31	31	301	501	4	3	8	44	1	2
"97"	0.289	"low"	0	15	2012	401	103	103	101	101	103	103	"A"	"A"	"A"	"B"	21	63	102	501	2	3	7	8	1	3
"98"	0.199	"low"	0	15	401	401	103	103	101	101	101	102	"A"	"A"	"A"	"A"	21	32	201	301	4	7	7	44	1	2
"99"	0.682	"low"	0	14	2012	401	103	103	101	101	101	101	"A"	"A"	"A"	"A"	62	31	501	501	11	2	44	44	1	26
"100"	0.728	"low"	1	15	2012	1001	103	201	101	104	101	101	"A"	"A"	"A"	"B"	31	31	501	501	11	11	49	38	26	26
"101"	3.747	"high"	1	15	1011	301	103	202	101	102	101	101	"A"	"B"	"A"	"C"	21	31	201	501	7	11	44	62	29	24
"102"	3.031	"high"	1	15	601	1901	103	202	101	101	101	101	"A"	"A"	"A"	"B"	63	32	103	301	4	13	62	60	1	2
"103"	3.266	"high"	0	15	401	301	103	201	101	101	101	101	"A"	"B"	"A"	"A"	21	32	301	501	3	4	7	8	2	24
"104"	0.671	"low"	1	15	0	0	103	103	101	101	101	101	"A"	"A"	"A"	"B"	21	21	201	501	3	7	8	13	1	30
"105"	0.611	"low"	1	15	2012	601	103	103	101	101	101	101	"A"	"B"	"A"	"E"	21	33	201	301	7	9	50	60	2	31
"106"	3.232	"high"	0	28	2012	401	103	103	101	101	101	101	"A"	"A"	"A"	"C"	21	31	501	501	3	11	8	35	1	28
"107"	3.23	"high"	1	15	301	401	103	103	101	101	101	101	"A"	"A"	"0"	"0"	21	32	301	501	3	4	7	8	1	29
"108"	3.7	"high"	1	14	301	401	103	103	101	101	101	101	"A"	"A"	"A"	"B"	51	32	104	301	4	10	7	62	2	2
"109"	3.601	"high"	0	55	301	401	103	103	101	101	101	101	"A"	"A"	"A"	"A"	21	32	102	301	2	4	18	60	2	25
"110"	3.271	"high"	0	14	1011	2012	103	201	101	101	101	101	"A"	"A"	"A"	"B"	63	21	501	102	2	3	7	8	1	1
"111"	2.557	"normal"	1	14	301	401	103	103	101	101	101	103	"A"	"A"	"A"	"B"	51	31	101	501	1	11	51	62	2	31
"113"	3.7	"high"	1	18	301	401	103	103	101	102	101	101	"B"	"A"	"A"	"A"	32	63	103	301	4	13	8	44	1	1
"114"	3.32	"high"	0	16	401	1601	103	103	101	101	101	103	"A"	"A"	"0"	"0"	31	62	102	301	2	4	7	44	11	24
"115"	3.061	"high"	0	15	301	401	103	103	101	102	101	103	"A"	"A"	"A"	"B"	63	33	103	301	13	9	7	48	3	24
"116"	3.119	"high"	1	15	2012	401	103	103	101	101	101	101	"A"	"A"	"A"	"A"	62	64	102	102	2	13	7	63	32	33
"118"	3.054	"high"	0	15	1011	2012	103	201	101	101	101	101	"B"	"B"	"A"	"B"	64	62	102	102	11	13	55	35	23	24
"119"	3.095	"high"	0	18	0	0	103	103	101	101	101	101	"A"	"C"	"A"	"C"	32	62	102	301	2	9	51	7	2	3
"120"	2.929	"high"	1	15	401	1401	201	202	101	101	101	101	"A"	"A"	"A"	"B"	21	21	401	501	3	7	7	8	2	2
"121"	3.423	"high"	1	15	301	401	103	103	101	101	101	104	"A"	"B"	"A"	"A"	21	21	201	501	3	7	7	18	2	30
"122"	3.305	"high"	1	15	401	401	103	103	101	101	101	103	"A"	"A"	"A"	"A"	32	62	102	301	2	4	44	62	2	3
"123"	3.575	"high"	0	15	1011	1701	201	201	101	101	101	101	"A"	"A"	"A"	"A"	21	53	104	201	7	14	44	38	2	31
"125"	3.379	"high"	0	19	1011	301	103	201	101	101	101	101	"A"	"A"	"A"	"A"	21	62	102	501	2	3	7	8	1	2
"126"	3.567	"high"	0	15	2012	401	103	103	101	101	101	101	"A"	"A"	"C"	"A"	31	51	101	501	1	11	51	27	3	31
"127"	2.923	"high"	0	14	2012	401	103	103	101	101	101	101	"A"	"C"	"B"	"B"	31	62	103	501	11	4	7	35	1	24
"129"	3.212	"high"	1	16	401	402	103	103	101	101	101	101	"A"	"B"	"A"	"B"	51	51	101	401	1	8	7	39	2	3
"130"	3.083	"high"	0	15	401	501	103	202	101	102	101	103	"A"	"A"	"A"	"A"	33	62	102	301	2	9	7	46	11	26
"131"	3.007	"high"	1	16	1011	401	103	201	101	101	101	101	"A"	"A"	"B"	"B"	51	33	104	201	7	10	57	37	2	26
"132"	3.431	"high"	1	15	2012	401	103	103	101	104	101	101	"A"	"A"	"A"	"B"	33	62	102	301	2	9	44	60	2	32
"133"	3.445	"high"	0	16	402	3301	103	103	101	101	101	102	"A"	"A"	"A"	"B"	62	51	101	102	1	2	7	35	29	31
"134"	3.193	"high"	1	15	401	401	103	103	101	103	101	101	"A"	"B"	"0"	"0"	31	62	104	301	4	14	51	60	2	28
"136"	4.666	"high"	1	15	1011	301	103	201	101	101	101	101	"A"	"A"	"A"	"A"	32	62	102	301	2	4	7	62	2	3
"137"	2.967	"high"	1	15	401	501	103	202	101	103	101	101	"A"	"B"	"A"	"C"	51	51	104	104	1	14	44	56	2	24
"138"	3.334	"high"	1	14	301	401	103	103	101	101	101	103	"A"	"B"	"A"	"A"	21	64	102	501	3	13	8	51	1	1
"139"	3.226	"high"	0	15	402	1601	103	103	101	102	101	101	"A"	"A"	"A"	"B"	21	32	201	301	4	7	62	50	3	30
"140"	3.187	"high"	1	15	401	402	103	103	101	102	101	101	"A"	"A"	"0"	"0"	51	62	102	104	2	10	18	18	2	3
"141"	2.07	"normal"	1	15	0	0	0	0	101	102	0	0	"A"	"A"	"0"	"0"	31	32	0	0	4	4	13	51	30	32
"142"	3.274	"high"	1	17	401	20012	103	103	101	103	101	101	"A"	"C"	"A"	"A"	32	32	102	301	2	4	44	7	32	24
"143"	3.206	"high"	1	15	1011	301	103	201	101	101	101	101	"A"	"B"	"A"	"A"	33	64	102	301	10	13	51	7	11	31
"144"	3.73	"high"	0	19	301	402	103	103	101	103	101	103	"A"	"A"	"A"	"B"	21	31	201	501	7	11	57	38	1	2
"145"	3.196	"high"	0	16	1011	402	103	201	101	101	101	101	"A"	"A"	"A"	"A"	62	21	102	501	2	3	8	8	1	1
"146"	3.144	"high"	1	18	1011	402	103	201	101	101	101	101	"A"	"A"	"A"	"B"	21	32	101	501	1	3	8	35	1	3
"147"	3.049	"high"	0	22	601	601	103	103	101	101	101	101	"A"	"C"	"0"	"0"	51	31	101	501	1	13	35	41	3	26
"148"	2.952	"high"	0	7	601	401	103	103	101	101	101	101	"A"	"A"	"A"	"C"	21	31	501	501	3	11	7	8	1	2
"149"	3.308	"high"	0	15	301	401	103	103	101	101	103	103	"A"	"A"	"A"	"A"	62	63	102	103	2	13	7	7	3	3
"150"	3.796	"high"	1	15	402	26012	103	103	101	101	101	101	"A"	"A"	"A"	"A"	21	53	104	501	8	3	8	57	1	32
"151"	2.689	"normal"	1	15	401	1501	103	104	101	101	101	101	"A"	"B"	"A"	"A"	31	31	401	501	8	8	45	60	3	29
"152"	1.605	"normal"	1	15	401	401	103	103	101	101	101	103	"A"	"A"	"A"	"A"	31	62	102	501	2	11	44	62	32	24
"153"	3.195	"high"	1	16	2012	301	103	103	101	101	101	102	"A"	"B"	"A"	"A"	32	32	301	501	4	3	7	35	3	24
"154"	1.602	"normal"	0	15	0	0	103	103	101	101	101	101	"A"	"B"	"A"	"C"	0	0	104	501	11	14	0	0	0	0
"155"	2.978	"high"	0	15	2012	301	103	103	101	101	101	103	"B"	"B"	"A"	"A"	21	64	102	501	7	13	44	35	2	3
"156"	2.763	"normal"	0	15	401	401	103	103	101	101	101	101	"A"	"A"	"B"	"B"	51	53	104	101	1	14	38	35	2	26
"157"	0.123	"low"	0	12	1011	301	103	201	101	101	101	101	"A"	"A"	"A"	"B"	21	31	501	501	3	13	8	57	2	29
"158"	2.139	"normal"	1	17	0	0	103	201	101	101	101	101	"A"	"A"	"A"	"B"	21	64	102	501	3	13	8	35	1	28
"159"	1.036	"normal"	1	56	301	401	103	103	104	104	101	101	"A"	"A"	"A"	"A"	51	63	102	103	2	2	51	7	2	24
"160"	1.117	"normal"	0	18	0	0	103	201	101	101	101	101	"A"	"A"	"A"	"A"	21	31	401	501	3	11	51	8	2	2
"161"	2.216	"normal"	1	15	401	401	103	103	101	101	101	103	"A"	"A"	"A"	"B"	51	21	0	0	3	4	27	35	2	3
"162"	1.958	"normal"	0	19	401	1001	103	103	101	102	101	101	"A"	"A"	"B"	"B"	51	33	101	201	1	7	7	35	3	11
"163"	1.405	"normal"	0	15	402	402	103	103	101	101	101	101	"A"	"A"	"A"	"B"	51	32	101	301	1	4	35	60	3	31
"164"	1.12	"normal"	1	19	2012	20011	103	103	101	101	101	101	"A"	"B"	"A"	"A"	32	53	104	301	4	14	51	60	3	11
"165"	1.147	"normal"	0	16	0	0	103	103	101	101	101	101	"A"	"A"	"A"	"C"	61	31	102	501	2	11	27	60	11	11
"166"	2.555	"normal"	1	19	401	401	103	103	101	101	101	101	"A"	"A"	"A"	"A"	21	62	0	0	2	3	7	8	1	32
"167"	1.076	"normal"	1	16	301	301	103	103	101	101	101	101	"A"	"A"	"A"	"B"	31	32	301	601	4	8	52	60	2	2
"168"	1.85	"normal"	1	15	401	401	103	103	101	101	101	103	"A"	"A"	"A"	"B"	61	31	103	501	11	13	38	39	2	26
"169"	1.599	"normal"	1	17	1011	901	201	201	101	101	101	101	"A"	"A"	"A"	"B"	51	21	101	501	1	1	8	35	1	28
"170"	1.14	"normal"	1	16	401	401	103	103	101	101	101	101	"A"	"A"	"A"	"B"	63	31	103	501	1	13	44	27	2	11
"171"	2.133	"normal"	0	14	601	1001	103	201	101	101	101	101	"A"	"A"	"A"	"A"	31	32	401	501	11	4	44	60	29	31
"172"	1.349	"normal"	0	15	401	401	103	103	101	101	101	101	"A"	"A"	"A"	"B"	51	31	101	501	1	11	44	27	2	3
"173"	1.773	"normal"	0	20	301	401	103	103	101	104	103	103	"A"	"A"	"A"	"A"	61	31	102	501	8	11	44	35	2	11
"174"	1.959	"normal"	1	15	1401	1701	103	103	101	101	103	103	"A"	"A"	"0"	"0"	51	31	101	301	1	4	44	27	2	28
"175"	0.779	"low"	0	20	1401	1701	201	201	101	102	101	101	"A"	"A"	"B"	"B"	51	32	101	201	1	7	39	14	32	33
"176"	2.208	"normal"	0	15	401	401	103	103	101	103	101	101	"A"	"B"	"0"	"0"	32	32	101	301	1	4	62	7	2	2
"177"	4.329	"high"	1	9	401	401	103	103	101	102	101	102	"A"	"A"	"A"	"B"	61	61	103	103	2	2	62	61	3	28
"178"	1.067	"normal"	1	18	401	401	103	103	101	101	101	101	"A"	"A"	"A"	"A"	62	32	102	301	2	4	7	35	2	11
"179"	1.919	"normal"	1	14	0	0	103	103	101	101	101	101	"A"	"A"	"A"	"A"	52	52	102	301	2	4	39	56	24	24
"180"	1.931	"normal"	1	14	401	401	103	103	101	101	101	101	"A"	"B"	"0"	"0"	32	32	301	401	8	4	7	62	2	3
"181"	2.07	"normal"	1	19	301	402	103	103	101	101	101	101	"A"	"B"	"A"	"A"	31	31	102	501	2	4	14	57	1	3
"182"	2.51	"normal"	1	15	401	401	103	103	101	101	103	103	"A"	"A"	"A"	"A"	62	62	102	201	2	7	7	57	1	11
"183"	1.387	"normal"	1	16	401	1401	103	201	101	102	101	101	"A"	"C"	"B"	"B"	61	31	102	301	2	4	44	44	2	31
"184"	1.529	"normal"	0	15	0	0	103	103	101	101	101	101	"A"	"B"	"0"	"0"	62	62	102	102	2	10	51	35	11	24
"185"	1.174	"normal"	0	22	0	0	103	103	101	101	101	101	"A"	"B"	"A"	"B"	31	32	201	501	7	8	7	44	2	2
"186"	1.923	"normal"	0	15	1011	401	103	201	101	101	101	103	"A"	"A"	"0"	"0"	21	31	102	501	8	13	8	63	11	32
"187"	1.954	"normal"	0	16	301	401	103	103	101	101	101	101	"A"	"A"	"A"	"B"	51	21	101	501	1	3	8	35	1	11
"189"	1.47	"normal"	1	17	402	4801	103	103	101	101	101	101	"A"	"A"	"A"	"A"	21	21	201	501	3	7	45	18	2	30
"190"	1.893	"normal"	0	15	301	11011	103	201	101	101	103	104	"A"	"A"	"A"	"A"	21	21	201	501	7	7	7	62	1	31
"191"	1.686	"normal"	0	15	401	1001	103	201	101	101	101	101	"A"	"A"	"A"	"A"	51	51	101	101	1	1	8	44	1	2
"193"	2.726	"normal"	0	15	401	401	103	103	101	102	101	101	"A"	"A"	"A"	"C"	31	32	301	501	8	11	7	35	11	32
"194"	2.14	"normal"	0	16	301	401	103	103	101	101	101	101	"A"	"A"	"A"	"C"	62	62	102	102	2	2	8	18	1	25
"195"	0.29	"low"	1	15	401	401	103	103	101	101	101	103	"A"	"A"	"A"	"B"	21	51	104	501	3	8	7	8	1	23
"196"	1.347	"normal"	0	17	0	0	103	103	101	101	101	101	"A"	"A"	"A"	"B"	51	63	101	103	1	4	44	48	1	26
"197"	1.795	"normal"	0	18	2012	402	103	201	101	101	101	101	"B"	"B"	"A"	"E"	21	31	201	501	4	7	7	41	2	23
"199"	1.329	"normal"	0	15	401	401	103	103	101	101	101	101	"A"	"B"	"0"	"0"	51	52	101	103	1	2	62	27	2	3
"200"	2.059	"normal"	1	15	0	0	103	103	101	101	101	101	"A"	"A"	"B"	"B"	51	63	101	103	1	13	7	44	2	3
"201"	1.359	"normal"	1	15	0	0	103	201	101	102	101	101	"A"	"A"	"0"	"0"	21	32	201	501	3	7	57	57	1	2
"202"	1.151	"normal"	1	15	402	402	103	103	101	101	101	101	"A"	"B"	"A"	"A"	31	64	102	501	11	11	51	38	3	26
"203"	1.774	"normal"	1	15	401	401	103	103	101	102	101	103	"A"	"A"	"0"	"0"	31	62	102	501	8	8	39	37	2	24
"204"	1.01	"normal"	1	18	202	401	103	103	101	101	0	0	"A"	"A"	"A"	"B"	21	21	501	501	8	3	8	18	1	2
"205"	1.044	"normal"	1	18	401	401	103	103	101	101	101	103	"A"	"C"	"0"	"0"	31	32	301	301	4	10	27	39	2	32
"206"	1.814	"normal"	0	15	301	4701	103	103	101	101	101	103	"B"	"B"	"A"	"B"	31	64	102	501	13	13	8	14	1	28
"207"	2.097	"normal"	0	16	0	0	103	103	101	101	101	101	"A"	"A"	"A"	"A"	21	21	301	501	4	4	62	62	3	29
"208"	1.102	"normal"	1	38	301	401	103	103	101	102	101	101	"A"	"B"	"A"	"B"	63	63	103	401	8	13	44	58	2	29
"209"	3.468	"high"	0	18	2012	401	103	103	101	101	101	103	"A"	"A"	"A"	"B"	31	32	301	501	4	11	62	61	1	2
"210"	2.911	"high"	1	14	2012	301	103	103	101	104	101	103	"A"	"A"	"A"	"B"	31	32	201	501	7	11	57	18	2	24
"211"	2.987	"high"	1	17	2012	1301	103	201	101	101	101	103	"A"	"B"	"A"	"B"	21	64	102	201	7	13	62	63	11	24
"213"	1.919	"normal"	1	17	1011	401	103	201	101	101	101	101	"A"	"A"	"A"	"A"	21	32	301	501	4	3	8	44	1	33
"214"	1.208	"normal"	1	15	0	0	103	103	101	101	101	101	"A"	"A"	"A"	"C"	21	32	301	501	3	3	51	8	1	28
"215"	1.319	"normal"	1	19	0	0	103	103	101	101	101	103	"A"	"A"	"A"	"C"	31	31	501	501	3	11	8	35	1	32
"216"	3.412	"high"	0	15	401	401	103	103	101	101	101	101	"A"	"B"	"A"	"C"	31	52	401	501	8	11	35	60	2	31
"218"	2.397	"normal"	1	17	2012	2012	103	103	101	102	101	101	"A"	"B"	"A"	"A"	21	32	301	501	4	3	14	49	30	33
"219"	4.104	"high"	0	15	2012	402	103	103	101	101	101	101	"B"	"C"	"A"	"A"	21	32	201	301	4	7	14	18	25	32
"220"	3.55	"high"	0	15	2012	402	103	103	101	101	101	101	"A"	"A"	"A"	"B"	63	31	103	501	11	13	51	7	3	29
"221"	1.119	"normal"	0	17	5101	5501	103	201	101	101	101	102	"A"	"A"	"A"	"B"	51	32	101	201	1	7	44	39	2	3
"222"	1.159	"normal"	1	14	402	1001	103	201	101	101	101	101	"A"	"A"	"A"	"A"	31	32	301	301	4	4	7	60	2	2
"223"	2.352	"normal"	0	18	301	402	103	103	101	101	101	101	"A"	"C"	"A"	"B"	63	32	103	301	4	13	7	35	3	11
"224"	2.232	"normal"	1	16	202	401	103	103	101	101	101	101	"A"	"A"	"0"	"0"	31	62	102	301	2	4	13	60	1	2
"225"	1.545	"normal"	1	15	2012	402	103	103	101	101	101	101	"A"	"A"	"A"	"A"	21	52	102	501	2	3	62	35	2	24
"226"	1.225	"normal"	1	16	1011	2012	103	201	101	104	101	101	"0"	"0"	"A"	"B"	63	21	103	501	10	13	8	44	1	2
"227"	3.984	"high"	1	18	301	401	103	103	101	101	101	101	"A"	"A"	"A"	"B"	32	51	101	301	1	4	18	60	2	3
"228"	1.325	"normal"	1	15	301	402	103	103	101	101	101	101	"A"	"A"	"A"	"B"	51	62	101	102	1	2	51	7	3	3
"229"	3.121	"high"	0	16	1011	401	103	202	101	102	101	102	"A"	"B"	"A"	"B"	51	51	101	104	1	10	27	14	31	23
"230"	2.926	"high"	1	15	401	601	103	103	101	103	101	101	"A"	"A"	"A"	"A"	21	32	201	301	4	7	44	60	31	23
"231"	3.423	"high"	0	17	301	4001	103	301	101	102	101	101	"A"	"A"	"A"	"B"	31	62	102	301	4	11	45	37	1	2
"232"	3.569	"high"	0	15	401	402	103	103	101	101	101	101	"A"	"A"	"A"	"A"	63	63	102	102	2	10	7	44	3	11
"233"	3.575	"high"	1	2	401	402	103	103	101	101	101	102	"A"	"A"	"A"	"B"	21	21	102	501	2	3	7	8	2	30
"234"	3.86	"high"	0	15	0	0	103	103	101	102	101	101	"A"	"B"	"A"	"B"	64	62	102	102	2	13	7	60	2	32
"235"	3.133	"high"	1	15	501	1301	202	202	101	101	101	101	"A"	"A"	"B"	"B"	51	63	103	104	10	13	7	35	29	24
"236"	3.106	"high"	0	17	401	1401	103	201	101	103	101	101	"B"	"B"	"0"	"0"	63	52	102	103	2	13	38	42	28	24
"237"	0.419	"low"	1	15	401	301	103	103	101	101	101	101	"A"	"A"	"A"	"A"	21	63	102	501	2	3	7	8	1	3
"238"	3.6	"high"	0	15	2012	401	103	103	101	101	101	103	"A"	"A"	"A"	"A"	63	62	102	103	2	13	7	38	3	3
"239"	3.223	"high"	0	16	1011	401	103	201	101	101	101	101	"A"	"B"	"0"	"0"	31	64	102	301	4	13	7	27	2	31
"240"	0.156	"low"	0	15	1011	301	103	201	101	101	101	101	"A"	"B"	"A"	"B"	51	21	101	501	1	3	8	48	1	32
"241"	0.461	"low"	0	14	401	401	103	103	101	101	101	101	"A"	"B"	"A"	"C"	53	21	104	501	3	14	8	44	2	24
"242"	2.936	"high"	1	15	401	401	103	103	101	101	101	101	"A"	"A"	"A"	"B"	62	51	101	102	1	2	7	35	3	3
