"disease"	"m1.1"	"m1.2"	"m2.1"	"m2.2"	"m3.1"	"m3.2"	"m4.1"	"m4.2"	"m5.1"	"m5.2"	"m6.1"	"m6.2"	"m7.1"	"m7.2"	"m8.1"	"m8.2"	"m9.1"	"m9.2"	"m10.1"	"m10.2"
"1"	0	1	2	2	1	2	2	2	2	2	1	1	1	1	1	2	1	1	1	1	1
"2"	0	1	2	2	2	2	2	1	1	1	2	2	1	1	1	1	2	1	1	1	2
"3"	0	1	1	1	2	2	1	1	2	1	1	2	1	1	1	1	1	1	1	1	1
"4"	0	2	1	1	1	2	1	2	1	1	2	1	1	1	2	1	2	1	1	1	1
"5"	0	1	1	2	2	2	1	1	2	1	1	2	1	1	1	1	1	1	1	1	1
"6"	0	2	1	2	1	1	1	2	1	1	2	1	1	1	2	1	2	2	1	1	1
"7"	0	1	1	2	1	1	1	1	1	1	2	2	1	1	2	1	2	1	1	2	1
"8"	0	1	1	2	2	1	1	2	2	1	1	2	1	1	1	1	1	1	1	2	1
"9"	0	1	1	2	2	2	2	1	2	2	2	1	1	1	1	2	2	1	1	2	1
"10"	0	2	2	1	1	2	1	1	2	2	1	1	1	2	1	2	1	1	1	1	1
"11"	0	1	1	2	2	1	1	2	2	1	1	1	1	1	1	1	1	1	1	1	1
"12"	0	2	1	1	2	1	1	2	2	1	1	1	1	1	1	1	1	1	1	1	1
"13"	0	1	1	2	2	2	1	1	2	1	1	2	1	1	1	1	1	1	1	2	1
"14"	0	2	1	2	1	2	2	1	1	2	1	1	2	1	1	2	1	1	1	1	1
"15"	0	2	1	1	1	1	2	2	1	1	1	1	2	1	1	1	1	1	1	1	1
"16"	0	2	1	1	2	2	1	2	2	1	1	1	1	1	1	1	1	1	1	1	1
"17"	0	1	1	1	2	2	2	1	2	1	2	2	1	1	1	1	2	1	1	1	1
"18"	0	1	2	1	1	2	1	1	2	1	1	2	1	1	1	1	1	1	1	1	1
"19"	0	1	1	2	2	2	1	2	2	2	1	1	1	1	1	2	1	1	1	1	1
"20"	0	2	1	1	1	2	2	1	1	1	1	2	2	1	1	1	1	1	1	1	1
"21"	0	1	2	1	2	2	1	1	2	1	1	2	1	1	1	1	1	1	2	1	1
"22"	0	1	1	2	2	2	1	2	2	2	1	1	1	1	1	2	1	1	1	1	1
"23"	0	1	1	2	1	1	2	2	1	1	1	1	2	1	1	1	1	1	1	1	1
"24"	0	2	1	1	2	2	1	2	1	1	1	1	2	1	1	1	1	1	1	1	2
"25"	0	1	1	1	2	2	1	1	2	1	1	2	1	1	1	1	1	1	1	1	1
"26"	0	1	1	1	1	2	2	1	2	1	1	2	1	1	1	1	1	1	1	1	1
"27"	0	1	1	2	2	1	1	2	1	1	1	1	2	1	1	1	1	1	1	1	2
"28"	0	1	2	1	1	2	1	1	2	2	1	1	1	1	1	2	1	1	1	1	1
"29"	0	2	1	1	2	2	1	2	2	1	1	1	1	1	1	1	1	1	1	1	1
"30"	0	2	1	2	2	2	1	1	2	2	1	1	1	2	1	2	1	1	1	1	1
"31"	0	1	2	1	1	2	1	1	2	1	1	2	1	1	1	1	1	1	1	1	1
"32"	0	2	1	2	2	1	1	2	2	1	1	1	1	1	1	1	1	2	1	1	1
"33"	0	1	1	2	1	2	2	1	1	1	1	2	2	1	1	1	1	1	1	2	1
"34"	0	1	2	2	1	1	1	2	1	1	1	1	2	1	1	1	1	1	1	1	1
"35"	0	2	2	1	2	2	2	1	2	1	1	2	1	1	1	1	1	1	1	1	1
"36"	0	1	2	1	1	2	2	1	2	2	1	1	1	1	1	2	1	1	1	1	1
"37"	0	2	2	1	1	1	2	2	2	1	1	1	1	1	1	1	1	1	1	1	1
"38"	0	1	1	1	2	1	2	1	2	2	2	1	1	2	1	2	2	1	1	1	1
"39"	0	1	1	2	2	1	1	2	2	1	1	1	1	1	1	1	1	1	1	1	1
"40"	0	1	1	2	2	1	1	2	2	1	1	1	1	1	1	1	1	1	2	2	1
"41"	0	2	1	1	2	1	2	1	1	1	1	2	2	1	1	1	1	1	1	2	2
"42"	0	2	1	1	1	2	2	1	1	1	1	2	2	1	1	1	1	1	1	1	1
"43"	0	1	2	2	1	2	2	2	2	2	1	1	1	1	1	2	1	1	1	1	1
"44"	0	2	2	1	1	1	2	1	2	1	1	2	1	1	1	1	1	1	1	1	1
"45"	0	2	1	2	2	2	2	2	1	1	1	1	2	1	1	1	1	1	1	1	1
"46"	0	1	1	2	2	1	1	2	2	1	1	1	1	1	1	1	1	1	1	1	1
"47"	0	2	1	1	2	2	1	1	2	1	1	2	1	1	1	1	1	1	1	1	1
"48"	0	2	2	1	1	1	1	1	1	2	1	1	2	2	1	2	1	1	1	1	2
"49"	0	2	1	2	2	1	2	2	2	1	2	1	1	1	1	1	2	2	1	1	1
"50"	0	1	2	1	1	2	1	1	2	2	1	1	1	2	1	2	1	1	1	1	1
"51"	0	1	1	2	1	1	1	2	1	1	2	1	1	1	2	1	2	1	1	1	1
"52"	0	2	1	1	1	1	2	2	1	1	1	1	2	1	1	1	1	1	1	1	1
"53"	0	1	1	2	2	2	1	2	2	2	1	1	1	1	1	2	1	1	1	1	1
"54"	0	1	1	1	2	2	2	1	2	1	2	2	1	1	1	1	2	1	1	1	1
"55"	0	1	1	1	2	2	1	2	2	1	1	1	1	1	1	1	1	1	1	1	1
"56"	0	1	1	1	2	2	1	2	2	1	1	1	1	1	1	1	1	1	1	1	1
"57"	0	2	2	1	2	1	2	2	1	2	2	1	1	1	1	2	2	1	1	1	2
"58"	0	1	2	2	2	1	1	2	2	1	1	1	1	1	1	1	1	2	1	1	1
"59"	0	1	2	2	1	2	1	2	1	2	1	1	2	1	1	2	1	1	1	1	1
"60"	0	2	1	2	2	2	1	1	2	2	1	1	1	2	1	2	1	1	1	1	1
"61"	0	1	2	1	1	2	1	1	2	1	1	2	1	1	1	1	1	1	1	1	1
"62"	0	2	1	1	1	2	2	2	1	1	1	1	2	1	1	1	1	1	1	1	1
"63"	0	1	1	2	1	2	2	2	1	2	2	1	1	1	1	2	2	1	1	1	1
"64"	0	2	1	2	2	2	1	2	2	1	1	1	1	1	1	1	1	1	1	1	1
"65"	0	1	1	2	2	1	1	2	2	1	1	1	1	1	1	1	1	1	1	1	1
"66"	0	1	1	1	2	2	1	1	2	1	1	2	1	1	1	1	1	1	2	1	1
"67"	0	1	1	2	1	1	2	2	1	1	1	1	2	1	1	1	1	2	1	1	1
"68"	0	2	2	2	2	2	2	2	2	1	1	1	1	1	1	1	1	1	1	1	1
"69"	0	1	1	1	2	1	2	1	1	2	1	1	2	2	1	2	1	1	1	1	1
"70"	0	1	2	1	1	2	2	1	1	1	2	2	1	1	2	1	2	1	1	1	1
"71"	0	1	2	2	1	1	1	2	2	1	1	1	1	1	1	1	1	2	1	1	1
"72"	0	1	2	1	1	1	1	1	1	2	1	1	2	2	1	2	1	1	1	1	2
"73"	0	1	1	1	2	2	2	1	1	1	1	2	2	1	1	1	1	1	1	1	1
"74"	0	2	1	1	2	2	1	2	2	1	1	2	1	1	1	1	1	1	1	1	1
"75"	0	2	2	2	1	1	2	2	2	1	1	1	1	1	1	1	1	2	1	1	1
"76"	0	1	1	2	2	2	1	2	2	2	1	1	1	1	1	2	1	1	2	1	1
"77"	0	1	1	2	2	2	1	1	1	1	1	2	2	1	1	1	1	1	1	1	2
"78"	0	2	2	2	2	2	2	1	2	2	1	1	1	2	1	2	1	1	1	1	1
"79"	0	2	1	1	2	2	1	2	2	1	1	2	1	1	1	1	1	1	1	2	1
"80"	0	2	1	1	1	2	2	2	1	1	1	1	2	1	1	1	1	1	1	1	1
"81"	0	1	1	1	1	1	2	1	1	2	1	1	2	2	1	2	1	1	1	1	1
"82"	0	1	2	1	1	2	2	1	2	2	1	1	2	2	1	2	1	1	1	1	2
"83"	0	1	2	2	1	1	1	2	2	1	1	1	1	1	1	1	1	1	1	1	1
"84"	0	1	2	2	1	1	2	1	1	1	1	2	2	1	1	1	1	1	1	2	1
"85"	0	1	1	2	2	2	1	2	2	2	1	1	1	1	1	2	1	1	1	1	1
"86"	0	1	1	1	1	2	1	1	1	2	2	1	1	2	2	2	2	1	1	1	1
"87"	0	1	2	1	1	2	2	1	2	1	1	2	2	1	1	1	1	1	1	1	2
"88"	0	1	1	2	2	1	1	2	2	1	1	1	1	1	1	1	1	1	1	1	1
"89"	0	1	2	1	1	2	1	1	1	2	2	1	1	1	2	2	2	1	1	1	1
"90"	0	1	1	1	2	2	1	1	2	1	1	1	2	1	1	1	1	1	1	1	1
"91"	0	2	1	1	1	2	2	1	1	2	1	1	2	2	1	2	1	1	1	1	2
"92"	0	1	1	1	2	2	2	1	2	1	2	2	1	1	1	1	2	1	1	1	1
"93"	0	1	2	2	2	2	2	2	2	2	1	1	1	1	1	2	1	1	1	1	1
"94"	0	1	1	1	2	1	1	1	2	2	1	1	1	2	1	2	1	1	2	1	1
"95"	0	1	2	1	2	2	1	1	2	1	1	2	1	1	1	1	1	1	1	1	1
"96"	0	2	2	1	2	1	2	2	2	1	1	1	1	1	1	1	1	1	1	1	1
"97"	0	1	1	2	2	1	1	2	2	1	1	1	1	1	1	1	1	1	1	1	1
"98"	0	2	1	1	2	1	1	2	2	1	1	1	1	1	1	1	1	1	1	1	1
"99"	0	1	2	2	1	1	2	1	2	1	1	2	1	1	1	1	1	1	1	2	1
"100"	0	1	2	2	1	2	1	2	2	2	1	1	1	1	1	2	1	1	1	1	1
"101"	0	1	1	1	1	1	2	1	1	2	1	1	2	2	1	2	1	1	1	1	1
"102"	0	1	1	1	2	1	1	1	2	2	1	1	1	2	1	2	1	1	1	1	1
"103"	0	1	1	2	2	1	1	2	2	1	1	1	1	1	1	1	1	1	2	1	1
"104"	0	1	2	1	1	2	1	1	1	1	2	2	1	1	2	1	2	1	1	1	1
"105"	0	1	1	1	2	2	1	1	2	1	1	2	1	1	1	1	1	1	1	1	1
"106"	0	1	1	2	2	1	1	2	2	1	1	1	1	1	1	1	1	2	1	1	1
"107"	0	1	2	2	1	1	2	2	1	1	1	1	2	1	1	1	1	1	1	1	1
"108"	0	1	2	2	1	2	2	2	2	2	1	1	1	1	1	2	1	1	1	1	1
"109"	0	2	1	1	1	1	1	1	1	1	2	2	1	1	2	1	2	1	1	2	1
"110"	0	2	1	1	1	2	2	2	1	1	1	1	2	1	1	1	1	1	1	1	1
"111"	0	1	1	2	1	1	2	2	1	1	1	1	2	1	1	1	1	1	1	1	1
"112"	0	1	2	1	1	2	2	1	2	1	1	2	1	1	1	1	1	1	1	1	1
"113"	0	1	1	2	1	1	1	2	1	1	2	1	1	1	2	1	2	1	1	2	1
"114"	0	1	2	1	1	2	1	1	2	1	1	2	1	1	1	1	1	1	1	1	1
"115"	0	2	1	2	1	1	1	2	1	1	2	1	1	1	2	1	2	2	1	1	1
"116"	0	2	1	1	2	2	2	2	2	1	2	1	1	1	1	1	2	1	1	1	1
"117"	0	1	2	1	1	2	2	1	1	1	2	2	1	1	1	1	2	1	1	1	2
"118"	0	1	1	2	1	1	2	1	1	1	2	2	1	1	1	1	2	1	1	2	1
"119"	0	1	1	1	2	2	1	1	2	1	1	2	1	1	1	1	1	1	1	1	1
"120"	0	2	1	1	2	2	2	2	1	1	1	1	2	1	1	1	1	1	1	1	1
"121"	0	1	1	1	2	2	1	1	2	1	1	2	1	1	1	1	1	1	1	1	1
"122"	0	2	1	2	1	2	2	2	1	1	1	1	2	1	1	1	1	1	1	1	1
"123"	0	1	2	2	2	1	1	2	2	1	1	1	1	1	1	1	1	1	1	1	1
"124"	0	1	2	1	1	1	1	1	2	2	1	1	1	2	1	2	1	1	1	1	1
"125"	0	1	2	1	2	2	2	1	2	1	1	2	1	1	1	1	1	1	1	1	1
"126"	0	1	1	2	2	1	1	1	2	1	1	2	1	1	1	1	1	1	1	2	1
"127"	0	1	1	2	2	2	1	1	2	2	1	1	1	1	1	2	1	1	1	2	1
"128"	0	1	1	2	1	2	2	1	1	2	1	1	2	1	1	2	1	1	1	2	1
"129"	0	1	1	2	1	1	2	2	1	1	1	1	2	1	1	1	1	1	1	1	1
"130"	0	2	2	1	2	1	2	1	2	1	1	2	1	1	1	1	1	1	1	1	1
"131"	0	2	2	1	1	2	2	2	1	1	1	1	2	1	1	1	1	1	1	1	1
"132"	0	1	2	1	1	2	1	1	2	1	1	2	1	1	1	1	1	1	1	1	1
"133"	0	2	1	2	1	1	1	2	1	1	2	1	1	1	2	1	2	2	1	1	1
"134"	0	2	1	1	2	1	1	1	2	2	1	1	1	2	1	2	1	1	2	1	1
"135"	0	1	1	2	1	1	2	2	1	1	1	1	2	1	1	1	1	2	1	1	1
"136"	0	2	2	1	1	1	2	2	2	1	1	1	1	1	1	1	1	1	1	1	1
"137"	0	1	1	1	1	2	2	2	1	1	1	2	2	1	1	1	1	1	1	2	1
"138"	0	2	1	1	2	1	2	1	2	1	2	2	1	1	1	1	2	1	1	2	1
"139"	0	1	1	1	1	2	2	1	1	1	1	2	2	1	1	1	1	1	1	1	1
"140"	0	1	2	2	1	1	1	2	2	1	1	1	1	1	1	1	1	1	1	1	1
"141"	0	1	1	1	1	2	2	1	2	2	1	1	1	2	1	2	1	1	1	1	1
"142"	0	1	1	1	2	2	2	1	2	1	2	2	1	1	1	1	2	1	1	1	1
"143"	0	1	1	2	2	1	1	2	2	1	1	1	1	1	1	1	1	1	1	2	1
"144"	0	1	1	2	1	2	2	2	1	2	1	1	2	1	1	2	1	1	1	1	1
"145"	0	1	1	2	2	1	2	2	1	1	2	1	1	1	1	1	2	1	1	1	2
"146"	0	1	2	1	1	2	1	1	2	1	1	2	1	1	1	1	1	1	1	1	1
"147"	0	2	1	1	1	2	1	2	1	1	2	1	1	1	2	1	2	1	1	1	1
"148"	0	1	2	2	2	1	2	2	1	1	2	1	1	1	1	1	2	1	1	1	1
"149"	0	1	1	2	2	1	1	2	2	1	1	1	1	1	1	1	1	1	2	1	1
"150"	0	1	1	2	1	2	2	1	1	2	1	1	2	1	1	2	1	1	1	2	1
"151"	0	1	2	2	1	1	1	2	2	1	1	1	1	1	1	1	1	1	1	1	1
"152"	0	1	1	1	2	2	1	1	2	2	1	1	1	2	1	2	1	1	1	1	1
"153"	0	2	1	2	1	2	2	2	1	1	1	1	2	1	1	1	1	1	1	1	1
"154"	0	2	1	1	2	2	1	2	2	1	1	1	1	1	1	1	1	1	2	1	1
"155"	0	1	1	2	2	1	1	2	2	1	1	1	1	1	1	1	1	1	2	1	1
"156"	0	1	2	2	1	2	1	1	2	1	1	2	1	1	1	1	1	1	1	1	1
"157"	0	1	2	1	1	2	2	1	2	1	1	2	1	1	1	1	1	1	1	1	1
"158"	0	1	2	2	1	1	2	2	2	1	1	1	1	1	1	1	1	1	1	1	1
"159"	0	1	1	2	2	2	1	1	2	2	1	1	1	1	1	2	1	1	1	2	2
"160"	0	1	1	1	1	2	2	1	1	1	1	2	2	1	1	1	1	1	1	1	1
"161"	0	1	2	2	1	1	1	2	2	1	1	1	1	1	1	1	1	1	1	1	1
"162"	0	2	1	2	2	2	1	2	2	1	1	1	1	1	1	1	1	1	1	1	1
"163"	0	1	1	2	1	1	2	2	1	1	1	1	2	1	1	1	1	2	1	1	1
"164"	0	1	2	1	1	2	1	1	1	1	1	2	2	1	1	1	1	1	1	1	2
"165"	0	1	1	2	1	2	1	1	1	1	2	2	1	1	2	1	2	1	1	1	1
"166"	0	1	1	2	2	1	1	2	1	1	1	1	2	1	1	1	1	1	1	1	2
"167"	0	2	2	2	2	2	2	1	1	2	2	1	1	2	2	2	2	1	1	1	1
"168"	0	1	1	2	2	1	2	2	2	1	2	1	1	1	1	1	2	2	1	1	1
"169"	0	1	2	1	1	2	2	1	1	1	2	2	1	1	2	1	2	1	1	1	1
"170"	0	1	2	2	2	1	2	2	1	1	2	2	1	1	1	1	2	1	1	1	2
"171"	0	1	1	2	1	2	2	2	1	2	1	1	2	1	1	2	1	1	1	1	1
"172"	0	1	2	1	1	2	2	1	2	1	1	2	1	1	1	1	1	1	1	1	1
"173"	0	1	2	2	1	1	1	2	1	1	1	1	2	1	1	1	1	1	1	2	2
"174"	0	1	1	2	2	1	1	2	2	1	1	1	1	1	1	1	1	1	1	1	1
"175"	0	1	1	1	2	2	1	1	2	1	1	2	1	1	1	1	1	1	1	1	1
"176"	0	1	2	2	1	1	1	1	1	1	2	2	1	1	2	1	2	1	1	2	1
"177"	0	2	1	2	2	2	1	2	2	1	1	1	1	1	1	1	1	1	2	1	1
"178"	0	1	2	1	1	2	2	1	2	1	1	1	1	1	1	1	1	1	1	1	1
"179"	0	1	1	2	1	1	2	2	1	1	1	1	2	1	1	1	1	1	1	2	1
"180"	0	2	1	1	1	1	2	2	1	1	1	1	2	1	1	1	1	1	1	1	1
"181"	0	2	1	1	2	1	1	2	2	1	1	1	1	1	1	1	1	1	1	1	1
"182"	0	1	2	2	2	1	2	2	2	1	1	1	1	1	1	1	1	1	1	1	1
"183"	0	1	1	1	2	2	2	1	2	1	2	2	1	1	1	1	2	1	1	1	1
"184"	0	1	2	1	1	1	1	1	2	2	1	1	1	2	1	2	1	1	1	1	1
"185"	0	1	1	2	2	1	2	2	1	1	1	1	2	1	1	1	1	1	1	1	1
"186"	0	1	2	2	2	1	2	2	1	1	2	1	1	1	2	1	2	1	1	1	1
"187"	0	2	2	1	1	2	2	2	2	1	1	1	1	1	1	1	1	1	1	1	1
"188"	0	1	2	2	2	2	1	1	2	2	1	1	1	1	1	2	1	1	1	2	1
"189"	0	2	1	1	1	2	2	1	1	2	1	1	2	2	1	2	1	1	1	1	1
"190"	0	2	2	1	1	2	1	1	2	1	1	2	1	1	1	1	1	1	1	1	1
"191"	0	2	1	2	1	2	2	1	1	2	1	1	2	2	1	2	1	1	1	1	2
"192"	0	1	2	2	2	1	2	2	2	1	1	1	1	1	1	1	1	1	1	1	1
"193"	0	2	2	1	1	1	2	2	2	1	1	1	1	1	1	1	1	1	1	1	1
"194"	0	1	1	2	1	1	2	2	1	1	1	1	1	1	1	1	1	1	1	1	1
"195"	0	1	2	2	1	1	1	2	1	1	1	1	2	1	1	1	1	2	1	1	1
"196"	0	1	1	2	2	1	2	2	2	1	2	1	1	1	1	1	2	1	1	1	1
"197"	0	1	1	2	2	2	2	2	2	2	2	1	1	1	1	2	2	1	1	1	1
"198"	0	1	1	2	1	1	2	2	1	1	1	1	2	1	1	1	1	1	1	1	1
"199"	0	1	1	2	1	2	2	1	1	2	2	1	1	1	2	2	2	1	1	2	1
"200"	0	2	1	1	2	1	1	2	2	1	1	1	1	1	1	1	1	1	1	1	1
"201"	0	1	1	2	1	1	2	2	1	1	1	1	2	1	1	1	1	1	1	2	1
"202"	0	1	2	1	2	2	2	1	2	1	1	2	1	1	1	1	1	1	1	1	1
"203"	0	2	1	1	2	1	1	2	2	1	1	1	1	1	1	1	1	1	1	1	1
"204"	0	2	1	1	2	2	1	1	2	2	1	1	1	2	1	2	1	1	1	1	1
"205"	0	1	2	1	1	1	2	1	2	2	1	1	2	2	1	2	1	1	1	1	2
"206"	0	1	1	1	2	2	1	1	2	1	1	2	1	1	1	1	1	1	2	1	1
"207"	0	1	2	1	2	1	2	1	2	2	1	1	1	2	1	2	1	1	1	1	1
"208"	0	1	1	2	2	1	1	2	2	1	1	1	1	1	1	1	1	1	1	1	1
"209"	0	1	1	2	2	1	2	2	2	1	2	1	1	1	1	1	2	1	1	1	1
"210"	0	1	2	1	1	2	1	1	1	1	1	2	2	1	1	1	1	1	1	1	2
"211"	0	1	1	2	1	2	1	1	1	1	2	2	1	1	2	1	2	1	1	1	1
"212"	0	1	1	1	2	2	1	1	2	1	1	2	1	1	1	1	1	1	1	1	1
"213"	0	2	2	1	2	2	1	2	2	1	1	1	1	1	1	1	1	1	2	1	1
"214"	0	2	1	1	2	1	2	2	2	1	2	1	1	1	1	1	2	1	1	1	1
"215"	0	1	1	1	2	2	1	1	2	1	1	2	1	1	1	1	1	1	1	1	1
"216"	0	1	1	2	2	1	2	2	1	1	2	1	1	1	1	1	2	1	1	1	2
"217"	0	1	1	1	2	2	1	2	2	1	1	1	1	1	1	1	1	1	2	1	1
"218"	0	1	1	2	1	1	2	2	1	1	1	1	2	1	1	1	1	1	1	1	1
"219"	0	1	1	1	2	2	1	1	2	1	1	2	1	1	1	1	1	1	1	1	1
"220"	0	2	2	1	1	2	1	2	1	1	2	1	1	1	2	1	2	1	1	1	1
"221"	0	1	1	2	2	2	1	1	2	2	1	1	1	2	1	2	1	1	1	1	1
"222"	0	1	1	2	2	1	1	2	2	1	1	1	1	1	1	1	1	1	1	1	2
"223"	0	1	2	2	1	1	2	1	2	1	1	2	1	1	1	1	1	1	1	2	1
"224"	0	1	1	2	2	2	1	2	2	2	1	1	1	1	1	2	1	1	1	1	1
"225"	0	1	1	1	2	2	1	1	1	1	1	2	2	1	1	1	1	1	1	1	2
"226"	0	2	1	1	2	1	1	2	2	1	1	1	1	1	1	1	1	1	1	1	1
"227"	0	2	2	1	2	2	1	1	2	1	1	2	1	1	1	1	1	1	1	1	1
"228"	0	2	1	1	2	1	1	2	1	1	1	1	2	1	1	1	1	1	1	1	2
"229"	0	1	2	2	1	2	2	1	2	1	1	2	1	1	1	1	1	1	1	1	1
"230"	0	2	1	1	1	1	2	1	1	1	1	2	2	1	1	1	1	1	1	2	1
"231"	0	1	1	1	2	2	1	1	2	2	1	1	1	1	1	2	1	1	1	1	1
"232"	0	2	1	1	1	1	2	2	2	1	1	1	2	1	1	1	1	1	1	1	2
"233"	0	1	2	2	1	1	1	2	2	1	1	1	1	1	1	1	1	1	1	2	1
"234"	0	2	1	1	1	2	2	1	1	1	2	2	1	1	1	1	2	1	1	1	1
"235"	0	1	1	2	1	1	2	1	1	1	1	2	2	1	1	1	1	1	1	2	1
"236"	0	2	1	1	1	1	2	2	1	1	1	1	2	1	1	1	1	1	1	1	1
"237"	0	1	1	2	1	1	2	2	1	1	1	1	2	1	1	1	1	1	1	1	1
"238"	0	1	1	2	2	1	2	2	2	1	2	1	1	1	1	1	2	1	1	1	1
"239"	0	1	2	2	1	1	2	2	2	1	1	1	1	1	1	1	1	2	1	1	1
"240"	0	2	1	1	2	1	2	2	1	1	2	1	1	1	1	1	2	1	1	1	2
"241"	0	1	1	2	1	1	2	2	1	1	1	1	2	1	1	1	1	1	1	1	1
"242"	0	2	2	1	1	1	2	2	2	1	1	1	1	1	1	1	1	1	1	1	1
"243"	0	1	1	2	2	1	2	2	1	1	1	2	2	1	1	1	1	1	1	1	1
"244"	0	1	1	1	2	2	1	1	2	1	1	2	1	1	1	1	1	1	2	1	1
"245"	0	2	2	2	1	2	1	1	2	2	1	1	1	2	1	2	1	1	1	1	1
"246"	0	1	2	1	1	2	2	1	2	2	1	1	1	2	1	2	1	1	1	1	1
"247"	0	1	1	1	2	2	1	1	2	1	1	2	1	1	1	1	1	1	2	1	1
"248"	0	1	1	2	1	2	2	1	1	2	1	1	2	2	1	2	1	1	1	1	1
"249"	0	1	1	2	2	1	2	1	2	1	2	2	1	1	1	1	2	1	1	2	1
"250"	0	2	1	1	1	1	2	1	1	1	1	2	2	1	1	1	1	1	1	1	1
"251"	0	1	1	2	2	1	2	2	1	1	1	1	2	1	1	1	1	2	1	1	1
"252"	0	1	1	2	2	2	2	2	1	2	1	1	2	1	1	2	1	1	1	1	2
"253"	0	2	1	2	1	1	2	2	1	1	1	1	1	1	1	1	1	1	1	1	1
"254"	0	2	2	1	1	1	1	1	2	1	1	2	1	1	1	1	1	1	1	2	1
"255"	0	2	2	2	1	2	1	1	2	2	1	1	1	2	1	2	1	1	1	1	1
"256"	0	1	1	1	1	2	2	1	1	2	2	1	1	2	2	2	2	1	1	1	1
"257"	0	1	2	2	1	1	2	2	2	1	1	1	2	1	1	1	1	2	1	1	1
"258"	0	1	1	1	2	2	1	1	2	1	1	2	1	1	1	1	1	1	1	1	1
"259"	0	1	2	2	1	1	2	2	1	1	2	1	1	1	2	1	2	1	1	1	1
"260"	0	1	1	1	2	2	1	1	1	1	1	1	2	1	1	1	1	1	1	1	2
"261"	0	1	1	2	2	1	2	1	1	1	2	2	1	1	1	1	2	1	1	2	2
"262"	0	1	1	2	1	2	2	2	1	2	1	1	2	1	1	2	1	1	1	1	1
"263"	0	2	2	1	1	2	1	2	2	1	1	1	1	1	1	1	1	1	1	1	1
"264"	0	1	2	2	1	1	2	2	2	1	1	1	1	1	1	1	1	1	1	1	1
"265"	0	1	2	1	2	2	2	1	2	1	1	2	1	1	1	1	1	1	1	1	1
"266"	0	2	1	1	1	2	2	2	1	1	1	1	2	1	1	1	1	1	1	1	1
"267"	0	1	1	2	2	2	1	2	2	2	1	1	1	1	1	2	1	1	1	1	1
"268"	0	2	2	2	1	2	2	1	2	2	1	1	1	2	1	2	1	1	1	1	1
"269"	0	2	1	1	2	1	2	2	1	1	2	1	1	1	2	1	2	1	1	1	1
"270"	0	1	2	1	1	2	1	1	1	1	1	2	2	1	1	1	1	1	1	1	1
"271"	0	1	1	1	1	2	1	1	2	1	1	2	1	1	1	1	1	1	1	1	1
"272"	0	1	1	1	1	2	2	1	1	1	1	2	2	1	1	1	1	1	1	1	1
"273"	0	1	1	2	2	2	1	1	1	2	1	1	2	1	1	2	1	1	1	2	1
"274"	0	1	1	2	2	2	1	1	2	2	1	1	1	1	1	2	1	1	2	2	1
"275"	0	1	1	2	2	2	2	1	2	1	2	2	1	1	1	1	2	1	1	1	1
"276"	0	2	1	1	1	2	1	2	2	1	1	1	1	1	1	1	1	1	1	1	1
"277"	0	1	1	2	1	1	2	2	1	1	1	1	2	1	1	1	1	2	1	1	1
"278"	0	1	1	2	2	1	2	2	2	1	2	1	1	1	1	1	2	1	1	1	1
"279"	0	2	1	1	1	2	2	2	1	1	1	2	2	1	1	1	1	1	1	1	1
"280"	0	1	1	1	2	2	1	1	2	2	1	1	1	2	1	2	1	1	1	1	1
"281"	0	1	2	2	1	2	2	1	1	1	1	2	2	1	1	1	1	1	1	1	1
"282"	0	1	1	1	1	2	2	1	1	1	1	2	2	1	1	1	1	1	1	1	1
"283"	0	1	1	1	2	2	1	1	2	1	1	2	1	1	1	1	1	1	1	1	1
"284"	0	1	1	2	2	1	2	2	1	1	1	1	2	1	1	1	1	1	1	1	1
"285"	0	1	1	2	1	1	2	2	1	1	2	1	1	1	2	1	2	1	1	1	1
"286"	0	1	1	2	2	1	2	2	2	1	2	1	1	1	1	1	2	1	1	1	1
"287"	0	2	1	1	1	2	2	2	2	1	1	1	1	1	1	1	1	1	1	1	1
"288"	0	1	2	1	1	2	1	1	1	1	2	2	1	1	2	1	2	1	1	1	1
"289"	0	2	1	1	1	1	2	2	1	1	1	1	2	1	1	1	1	1	1	1	1
"290"	0	2	2	2	1	2	2	2	1	1	1	1	2	1	1	1	1	1	1	1	1
"291"	0	2	1	1	2	2	1	2	1	1	1	1	2	1	1	1	1	1	1	1	2
"292"	0	1	1	1	2	2	1	1	2	1	1	2	1	1	1	1	1	1	1	1	1
"293"	0	1	1	1	2	2	1	1	2	1	1	2	1	1	1	1	1	1	1	1	1
"294"	0	1	1	1	2	2	1	1	2	2	1	1	1	2	1	2	1	1	1	1	1
"295"	0	1	1	1	2	2	1	1	2	1	1	2	1	1	1	1	1	1	1	1	1
"296"	0	2	1	1	2	1	1	2	2	1	1	1	1	1	1	1	1	1	1	1	1
"297"	0	2	1	1	1	2	2	1	1	1	1	2	2	1	1	1	1	1	1	1	1
"298"	0	1	2	1	1	2	2	1	1	1	2	1	1	1	1	1	2	1	1	1	2
"299"	0	1	1	2	1	1	2	2	1	1	1	1	2	1	1	1	1	1	1	1	2
"300"	0	2	1	1	1	1	1	2	1	1	2	1	1	1	2	1	2	1	1	1	1
"301"	0	2	1	1	1	1	2	2	1	1	1	1	2	1	1	1	1	1	1	1	1
"302"	0	1	1	1	1	2	2	1	1	1	1	2	2	1	1	1	1	1	1	1	1
"303"	0	2	1	1	2	2	1	2	2	1	1	1	1	1	1	1	1	1	1	1	1
"304"	0	1	2	2	2	2	1	1	2	2	1	1	1	2	1	2	1	1	2	1	1
"305"	0	1	2	2	1	1	1	2	1	1	1	1	2	1	1	1	1	1	1	2	2
"306"	0	2	2	1	1	1	2	1	2	2	1	1	1	2	1	2	1	1	1	1	1
"307"	0	1	2	1	1	2	1	1	2	1	1	2	1	1	1	1	1	1	1	1	1
"308"	0	1	2	1	1	2	1	1	2	1	1	2	1	1	1	1	1	1	1	1	1
"309"	0	2	1	1	1	1	2	1	1	1	1	2	2	1	1	1	1	1	1	1	2
"310"	0	1	1	1	2	1	1	1	1	2	1	1	2	2	1	2	1	1	1	1	2
"311"	0	2	1	1	2	2	1	2	2	1	1	1	1	1	1	1	1	1	1	1	1
"312"	0	1	1	2	2	2	1	1	2	2	1	1	1	1	1	2	1	1	2	2	1
"313"	0	1	1	2	1	1	2	2	1	1	2	1	1	1	1	1	2	1	1	2	1
"314"	0	2	2	1	1	2	1	2	2	1	1	1	1	1	1	1	1	1	1	1	1
"315"	0	2	2	2	1	2	2	1	2	2	1	1	1	1	1	2	1	1	1	2	1
"316"	0	1	2	2	1	1	1	2	1	1	2	1	1	1	2	1	2	1	1	1	1
"317"	0	1	1	1	1	1	2	1	1	2	1	1	2	2	1	2	1	1	1	1	1
"318"	0	2	2	1	2	1	2	2	1	1	2	1	1	1	2	1	2	1	1	1	1
"319"	0	1	1	1	1	2	2	1	1	2	1	1	2	1	1	2	1	1	1	1	1
"320"	0	2	1	1	1	2	2	1	1	2	1	1	2	2	1	2	1	1	1	1	1
"321"	0	2	2	2	1	1	2	2	2	1	1	1	1	1	1	1	1	1	1	1	1
"322"	0	2	1	2	2	1	2	2	1	1	1	1	2	1	1	1	1	1	1	1	1
"323"	0	2	1	1	2	1	1	2	2	1	1	1	1	1	1	1	1	1	1	1	1
"324"	0	1	1	2	2	1	1	1	1	1	1	2	2	1	1	1	1	1	1	2	2
"325"	0	1	1	2	2	1	2	2	1	1	2	1	1	1	1	1	2	1	1	1	2
"326"	0	2	2	2	1	2	2	1	2	2	1	1	1	1	1	2	1	1	1	2	1
"327"	0	1	1	1	1	2	2	1	1	1	1	2	2	1	1	1	1	1	1	1	1
"328"	0	1	1	2	2	2	1	1	2	1	1	2	1	1	1	1	1	1	1	1	1
"329"	0	2	1	1	1	2	2	2	1	1	1	2	2	1	1	1	1	1	1	2	1
"330"	0	1	1	1	1	2	2	1	1	2	1	1	2	2	1	2	1	1	1	1	1
"331"	0	1	2	1	1	2	1	2	2	1	1	1	1	1	1	1	1	1	1	1	1
"332"	0	2	2	1	2	1	2	2	2	1	1	1	1	1	1	1	1	1	1	1	1
"333"	0	1	1	1	2	2	1	1	2	1	1	2	1	1	1	1	1	1	1	1	1
"334"	0	1	1	1	1	1	2	1	1	2	1	1	2	2	1	2	1	1	1	1	1
"335"	0	1	1	2	1	1	1	2	1	1	2	1	1	1	2	1	2	2	1	1	1
"336"	0	1	1	2	1	1	2	2	1	1	1	1	2	1	1	1	1	1	1	1	1
"337"	0	1	1	1	2	2	2	1	2	1	2	2	1	1	1	1	2	1	1	1	1
"338"	0	1	2	1	1	2	1	1	2	1	1	2	1	1	1	1	1	1	1	1	1
"339"	0	1	1	2	2	1	1	2	2	1	1	1	1	1	1	1	1	2	1	1	1
"340"	0	2	2	1	1	1	1	1	2	1	1	2	1	1	1	1	1	1	1	1	1
"341"	0	1	1	2	1	1	2	2	1	1	1	1	2	1	1	1	1	1	1	1	1
"342"	0	2	1	1	2	1	1	1	2	1	1	2	1	1	1	1	1	1	1	1	1
"343"	0	1	2	1	1	1	1	1	1	2	1	1	2	2	1	2	1	1	1	1	2
"344"	0	1	2	2	1	1	1	2	2	1	1	1	1	1	1	1	1	1	1	1	1
"345"	0	1	1	1	1	2	2	1	1	1	1	2	2	1	1	1	1	1	1	1	1
"346"	0	1	2	2	2	1	2	2	1	1	2	1	1	1	2	1	2	2	1	1	1
"347"	0	1	1	2	1	2	2	2	1	2	1	1	1	1	1	2	1	1	1	1	1
"348"	0	1	1	2	2	2	2	2	2	2	2	1	1	1	1	2	2	1	1	1	1
"349"	0	1	1	2	1	1	2	2	1	1	1	1	2	1	1	1	1	1	1	1	2
"350"	0	1	1	2	2	2	2	1	2	2	2	1	1	1	1	2	2	1	1	1	1
"351"	0	2	1	1	1	2	1	2	1	1	2	1	1	1	2	1	2	1	1	1	1
"352"	0	1	1	2	1	1	1	2	1	1	2	1	1	1	2	1	2	1	1	1	1
"353"	0	2	2	1	1	2	1	2	2	1	1	2	1	1	1	1	1	1	1	2	1
"354"	0	2	2	1	1	1	2	2	1	1	1	1	2	1	1	1	1	1	1	1	1
"355"	0	2	1	1	1	1	2	1	1	1	1	2	2	1	1	1	1	1	1	1	1
"356"	0	1	1	1	1	1	2	1	1	2	2	1	1	2	2	2	2	1	1	1	1
"357"	0	1	2	1	1	2	2	1	2	1	1	2	1	1	1	1	1	1	1	1	1
"358"	0	2	1	1	2	2	1	1	2	1	1	2	1	1	1	1	1	1	1	1	1
"359"	0	2	1	1	2	1	2	2	1	1	2	1	1	1	2	1	2	1	1	1	1
"360"	0	1	1	2	2	1	1	2	2	1	1	1	1	1	1	1	1	1	1	1	1
"361"	0	1	2	2	2	1	2	1	2	1	1	2	1	1	1	1	1	1	1	2	1
"362"	0	2	1	1	1	1	2	1	1	2	1	1	2	2	1	2	1	1	1	1	1
"363"	0	2	1	1	2	2	1	1	2	2	1	1	1	2	1	2	1	1	1	1	1
"364"	0	1	2	2	2	1	2	2	2	1	1	1	1	1	1	1	1	1	1	1	1
"365"	0	1	2	1	2	2	2	1	1	1	2	2	1	1	2	1	2	1	1	1	1
"366"	0	1	2	2	1	1	2	2	2	1	1	1	2	1	1	1	1	1	1	1	2
"367"	0	1	2	1	1	1	1	1	2	2	1	1	1	2	1	2	1	1	1	1	1
"368"	0	1	1	1	2	2	1	1	2	1	1	1	1	1	1	1	1	1	2	1	1
"369"	0	1	1	2	2	1	1	1	2	1	1	2	1	1	1	1	1	1	2	2	1
"370"	0	1	2	2	1	1	2	2	1	1	2	1	1	1	2	1	2	2	1	1	1
"371"	0	1	2	2	1	1	2	1	2	2	1	1	1	2	1	2	1	1	1	1	1
"372"	0	1	2	2	1	1	2	2	2	1	1	1	1	1	1	1	1	1	1	1	1
"373"	0	2	1	1	1	1	2	2	1	1	1	1	2	1	1	1	1	1	1	1	2
"374"	0	1	2	2	1	1	1	2	2	1	1	1	1	1	1	1	1	2	1	1	1
"375"	0	1	1	1	1	2	2	2	1	1	1	1	2	1	1	1	1	1	1	1	1
"376"	0	1	2	2	1	1	2	2	2	1	1	1	1	1	1	1	1	1	1	1	1
"377"	0	1	1	1	2	2	1	1	2	1	1	2	1	1	1	1	1	1	2	1	1
"378"	0	1	1	2	1	1	1	2	1	1	2	1	1	1	2	1	2	1	1	1	1
"379"	0	1	1	2	2	1	1	2	2	1	1	2	1	1	1	1	1	1	1	1	2
"380"	0	1	2	2	2	1	2	2	2	1	1	1	1	1	1	1	1	1	1	1	1
"381"	0	2	2	2	2	1	2	2	2	1	1	1	1	1	1	1	1	2	1	1	1
"382"	0	1	2	2	1	1	1	1	1	1	2	2	1	1	2	1	2	1	1	2	1
"383"	0	1	1	2	1	2	2	2	2	2	1	1	1	1	1	2	1	1	1	1	1
"384"	0	1	1	1	1	2	2	1	1	1	1	2	1	1	1	1	1	1	1	1	1
"385"	0	1	1	2	1	1	2	2	1	1	1	1	2	1	1	1	1	2	1	1	1
"386"	0	1	2	1	1	2	2	1	2	1	1	2	2	1	1	1	1	1	1	1	1
"387"	0	2	1	1	2	2	2	2	2	1	2	1	1	1	1	1	2	1	1	1	1
"388"	0	2	2	1	1	1	2	1	2	2	1	1	2	2	1	2	1	1	1	1	2
"389"	0	2	1	2	2	2	1	1	2	2	1	1	1	1	1	2	1	1	1	1	1
"390"	0	1	1	2	1	1	2	2	1	1	1	1	2	1	1	1	1	1	1	2	1
"391"	0	2	1	1	2	2	1	1	1	2	1	1	2	2	1	2	1	1	1	1	2
"392"	0	1	2	2	1	1	2	2	1	1	1	1	2	1	1	1	1	1	1	2	1
"393"	0	1	1	1	2	2	2	1	1	1	1	1	2	1	1	1	1	1	1	1	1
"394"	0	1	1	1	2	2	2	1	2	1	2	2	1	1	1	1	2	1	1	1	1
"395"	0	1	1	2	1	1	1	2	1	1	2	1	1	1	2	1	2	1	1	1	1
"396"	0	2	1	2	1	2	1	1	1	2	2	1	1	1	2	2	2	1	1	1	1
"397"	0	1	1	1	1	2	2	1	1	1	1	2	2	1	1	1	1	1	1	1	1
"398"	0	1	1	1	2	2	1	1	2	1	1	2	1	1	1	1	1	1	1	1	1
"399"	0	1	1	2	2	1	2	2	1	1	1	1	2	1	1	1	1	1	1	1	1
"400"	0	2	1	1	2	1	1	1	2	1	1	2	1	1	1	1	1	1	1	2	1
"401"	0	1	1	2	1	1	2	2	1	1	1	1	2	1	1	1	1	1	1	2	1
"402"	0	1	2	2	1	2	1	2	2	2	1	1	1	1	1	2	1	1	1	1	2
"403"	0	1	1	2	1	1	2	2	1	1	1	1	2	1	1	1	1	1	1	1	1
"404"	0	2	1	1	1	1	2	2	1	1	1	1	1	1	1	1	1	1	1	1	1
"405"	0	1	1	2	1	1	2	2	1	1	1	1	2	1	1	1	1	2	1	1	1
"406"	0	1	1	1	1	2	1	1	1	1	2	2	1	1	2	1	2	1	1	1	1
"407"	0	1	2	1	1	2	2	1	2	1	1	2	1	1	1	1	1	1	1	1	1
"408"	0	1	1	1	1	1	2	1	1	2	1	1	2	2	1	2	1	1	1	1	1
"409"	0	1	1	2	2	1	1	2	2	1	1	1	1	1	1	1	1	1	2	2	1
"410"	0	2	1	1	1	2	2	1	1	2	1	1	2	2	1	2	1	1	1	1	1
"411"	0	1	2	2	1	1	1	2	2	1	1	1	1	1	1	1	1	1	1	1	1
"412"	0	2	2	1	1	2	2	2	2	1	1	1	2	1	1	1	1	1	1	1	1
"413"	0	1	1	2	1	1	2	2	1	1	2	1	1	1	2	1	2	2	1	1	1
"414"	0	1	2	1	1	2	2	1	1	1	1	2	2	1	1	1	1	1	1	1	1
"415"	0	1	1	1	1	2	2	2	1	1	1	2	2	1	1	1	1	1	1	2	1
"416"	0	1	2	1	2	2	2	1	1	1	2	2	1	1	1	1	2	1	1	1	2
"417"	0	1	1	1	2	2	2	1	2	1	2	2	1	1	1	1	2	1	1	1	1
"418"	0	1	1	2	1	1	2	2	2	1	1	1	1	1	1	1	1	1	1	1	1
"419"	0	1	1	1	2	2	2	1	2	1	2	2	1	1	1	1	2	1	1	1	1
"420"	0	1	1	1	1	2	2	1	1	1	1	2	2	1	1	1	1	1	1	1	1
"421"	0	1	1	1	2	2	1	1	2	1	1	2	1	1	1	1	1	1	2	1	1
"422"	0	1	2	2	1	1	2	2	2	1	1	1	1	1	1	1	1	2	1	1	1
"423"	0	1	1	1	2	2	1	1	2	1	1	2	1	1	1	1	1	1	1	1	1
"424"	0	1	1	1	2	2	1	1	2	1	1	2	1	1	1	1	1	1	1	1	1
"425"	0	1	1	2	1	2	2	2	1	2	1	1	2	1	1	2	1	1	1	1	1
"426"	0	1	2	1	1	2	1	1	1	1	1	2	2	1	1	1	1	1	1	1	2
"427"	0	1	1	1	1	2	2	1	1	1	1	2	2	1	1	1	1	1	1	1	1
"428"	0	2	1	2	2	2	2	1	2	2	2	1	1	2	1	2	2	1	1	1	1
"429"	0	1	2	1	1	2	1	1	2	1	1	2	1	1	1	1	1	1	1	1	1
"430"	0	1	2	2	2	1	1	1	2	2	1	1	1	2	1	2	1	1	1	1	1
"431"	0	2	1	1	2	1	1	1	2	1	1	2	1	1	1	1	1	1	1	2	1
"432"	0	1	2	1	2	2	1	1	2	1	1	2	1	1	1	1	1	1	2	1	1
"433"	0	1	1	1	1	2	2	1	1	1	1	2	2	1	1	1	1	1	1	1	1
"434"	0	2	1	1	2	2	1	2	2	1	1	1	1	1	1	1	1	1	1	1	1
"435"	0	1	1	2	2	1	2	2	1	1	2	1	1	1	1	1	2	1	1	2	1
"436"	0	1	1	2	1	1	2	2	1	1	1	1	2	1	1	1	1	1	1	1	1
"437"	0	2	1	1	1	1	2	2	1	1	2	1	1	1	2	1	2	1	1	1	1
"438"	0	1	1	1	2	2	1	1	2	2	1	1	1	2	1	2	1	1	1	1	1
"439"	0	2	1	2	1	1	2	2	1	1	1	1	1	1	1	1	1	2	1	1	1
"440"	0	1	1	1	2	2	1	1	2	1	1	2	1	1	1	1	1	1	1	1	1
"441"	0	1	1	2	1	1	2	2	1	1	1	1	2	1	1	1	1	2	1	1	1
"442"	0	2	1	1	1	2	2	1	1	2	1	1	2	2	1	2	1	1	1	1	1
"443"	0	2	2	1	2	1	2	2	1	1	2	1	1	1	2	1	2	1	1	1	1
"444"	0	2	2	1	2	1	2	2	2	1	1	1	1	1	1	1	1	1	1	1	1
"445"	0	2	1	1	2	1	2	1	1	1	1	2	2	1	1	1	1	1	1	2	1
"446"	0	2	1	1	1	2	2	2	1	1	2	1	1	1	2	1	2	1	1	1	1
"447"	0	1	1	1	2	2	1	1	2	1	1	2	1	1	1	1	1	1	2	1	1
"448"	0	2	1	1	2	1	2	2	2	1	2	1	1	1	1	1	2	1	1	1	1
"449"	0	2	1	1	2	1	2	1	2	1	2	2	1	1	1	1	2	1	1	2	1
"450"	0	1	1	2	2	1	2	2	1	1	1	1	2	1	1	1	1	1	1	1	1
"451"	0	2	2	1	1	1	1	2	2	1	1	1	1	1	1	1	1	1	1	1	1
"452"	0	1	1	2	2	2	2	1	1	2	1	1	2	1	1	2	1	1	1	2	1
"453"	0	2	1	2	2	2	1	1	2	2	1	1	1	2	1	2	1	1	1	1	1
"454"	0	2	1	1	1	2	2	2	1	1	1	1	2	1	1	1	1	1	1	1	1
"455"	0	1	1	2	2	1	1	2	2	1	1	1	1	1	1	1	1	1	1	1	1
"456"	0	1	1	2	2	1	1	1	2	1	1	2	1	1	1	1	1	1	1	2	1
"457"	0	1	2	2	1	1	2	2	2	1	1	1	1	1	1	1	1	1	1	1	1
"458"	0	2	1	2	2	2	1	1	1	2	1	1	2	2	1	2	1	1	1	1	2
"459"	0	1	1	2	1	2	2	2	1	2	1	1	2	1	1	2	1	1	1	1	1
"460"	0	2	2	1	1	1	1	2	2	1	1	1	1	1	1	1	1	1	1	1	1
"461"	0	2	2	1	1	1	1	2	2	1	1	1	1	1	1	1	1	1	1	1	1
"462"	0	1	1	2	2	1	2	2	1	1	1	1	2	1	1	1	1	1	1	1	1
"463"	0	2	1	1	2	1	1	2	2	1	1	1	1	1	1	1	1	1	1	1	1
"464"	0	2	2	1	1	1	2	1	2	2	1	1	1	2	1	2	1	1	1	1	1
"465"	0	1	1	1	1	2	1	1	1	2	2	1	1	1	2	2	2	1	1	1	1
"466"	0	1	1	2	2	2	2	1	2	2	2	1	1	1	1	2	2	1	1	2	1
"467"	0	1	1	2	2	2	1	1	2	1	1	2	1	1	1	1	1	1	1	1	1
"468"	0	1	1	2	2	1	2	2	2	1	2	1	1	1	1	1	2	1	1	1	1
"469"	0	1	1	2	1	1	2	1	1	1	1	2	2	1	1	1	1	1	1	2	1
"470"	0	1	1	2	1	2	2	1	1	1	1	2	2	1	1	1	1	1	1	1	1
"471"	0	1	2	1	1	2	2	1	1	1	2	2	1	1	2	1	2	1	1	1	1
"472"	0	1	1	2	2	2	1	2	2	2	1	1	2	1	1	2	1	1	1	1	1
"473"	0	2	1	1	1	1	2	1	2	2	1	1	2	2	1	2	1	1	1	1	2
"474"	0	1	1	2	2	1	2	2	1	1	2	1	1	1	1	1	2	2	1	1	2
"475"	0	2	1	1	1	2	2	2	1	1	1	1	2	1	1	1	1	1	1	1	1
"476"	0	2	1	1	1	1	2	2	1	1	1	1	2	1	1	1	1	1	1	1	1
"477"	0	2	1	1	2	1	2	2	1	1	2	1	1	1	2	1	2	1	1	1	1
"478"	0	1	1	2	1	1	2	2	1	1	2	1	1	1	2	1	2	1	1	1	1
"479"	0	1	1	2	2	1	2	2	1	1	2	1	1	1	1	1	2	2	1	1	2
"480"	0	2	2	1	1	1	1	2	1	1	1	1	2	1	1	1	1	1	1	1	1
"481"	0	1	1	2	1	2	1	2	1	2	2	1	1	1	2	2	2	1	1	1	1
"482"	0	2	2	2	1	1	1	2	2	1	1	1	1	1	1	1	1	1	1	1	1
"483"	0	1	1	2	1	1	1	2	1	1	2	1	1	1	2	1	2	1	1	1	1
"484"	0	2	1	2	2	2	1	1	1	2	1	1	2	2	1	2	1	1	1	1	2
"485"	0	1	2	1	1	2	1	1	2	1	1	2	1	1	1	1	1	1	1	1	1
"486"	0	2	1	1	2	2	1	2	1	1	1	1	2	1	1	1	1	1	1	1	1
"487"	0	1	1	2	1	1	2	2	1	1	1	1	2	1	1	1	1	1	1	1	1
"488"	0	2	1	1	2	2	1	2	2	1	1	1	1	1	1	1	1	1	1	1	1
"489"	0	2	1	1	1	1	1	1	2	1	1	2	1	1	1	1	1	1	1	1	1
"490"	0	1	2	1	1	2	1	1	1	1	1	2	2	1	1	1	1	1	1	1	1
"491"	0	2	2	1	1	2	1	2	2	1	1	1	1	1	1	1	1	1	1	1	1
"492"	0	2	1	1	2	2	2	2	1	1	1	2	2	1	1	1	1	1	1	2	1
"493"	0	1	1	1	2	2	1	1	2	1	1	2	1	1	1	1	1	1	1	1	1
"494"	0	1	2	2	1	2	1	1	2	2	1	1	1	1	1	2	1	1	1	2	1
"495"	0	1	2	2	2	2	2	2	1	2	2	1	1	1	2	2	2	1	1	1	1
"496"	0	2	1	1	1	2	2	1	1	2	1	1	2	2	1	2	1	1	1	1	1
"497"	0	2	1	1	1	1	2	2	1	1	1	1	2	1	1	1	1	1	1	1	1
"498"	0	2	2	1	1	2	1	1	2	2	1	1	1	2	1	2	1	1	1	1	1
"499"	0	2	1	2	2	1	1	2	2	1	1	1	1	1	1	1	1	2	2	1	1
"500"	0	1	1	1	2	2	1	1	2	1	1	2	1	1	1	1	1	1	1	1	1
"501"	1	1	2	1	1	1	2	1	1	2	2	1	1	2	2	2	2	1	1	1	1
"502"	1	2	2	1	2	1	1	2	2	1	1	1	1	1	1	1	1	1	1	1	1
"503"	1	1	1	2	2	2	1	1	2	1	1	2	1	1	1	1	1	1	1	1	1
"504"	1	1	1	1	1	2	2	1	1	1	1	2	1	1	1	1	1	1	1	1	1
"505"	1	2	2	1	1	2	2	1	2	1	1	2	1	1	1	1	1	1	1	1	1
"506"	1	1	1	2	2	1	1	2	2	1	1	1	1	1	1	1	1	1	2	1	1
"507"	1	1	1	2	1	1	2	2	1	1	1	1	1	1	1	1	1	1	1	1	1
"508"	1	1	2	1	1	2	1	1	1	2	1	1	2	2	1	2	1	1	1	1	2
"509"	1	2	2	1	1	1	1	2	1	1	1	1	2	1	1	1	1	1	1	1	2
"510"	1	1	2	1	2	1	1	1	2	2	1	1	1	2	1	2	1	1	1	1	1
"511"	1	1	1	1	1	2	2	1	1	2	1	1	2	1	1	2	1	1	1	1	1
"512"	1	1	1	2	2	1	1	2	2	1	1	1	1	1	1	1	1	1	1	1	2
"513"	1	1	1	2	2	1	1	1	2	2	1	1	1	2	1	2	1	1	1	1	1
"514"	1	1	2	1	1	2	2	1	2	2	1	1	1	2	1	2	1	1	1	1	1
"515"	1	1	1	2	1	1	2	2	1	1	1	2	2	1	1	1	1	1	1	1	1
"516"	1	2	2	1	1	2	1	2	1	1	1	1	2	1	1	1	1	1	1	1	2
"517"	1	1	1	2	1	2	1	1	1	1	2	2	1	1	2	1	2	1	1	1	1
"518"	1	2	1	1	1	1	1	2	1	1	2	1	1	1	2	1	2	1	1	1	1
"519"	1	1	1	2	1	1	2	2	1	1	2	1	1	1	2	1	2	1	1	1	1
"520"	1	1	1	1	1	2	2	1	1	2	1	1	2	2	1	2	1	1	1	1	1
"521"	1	2	2	1	1	2	2	2	1	1	2	1	1	1	2	1	2	1	1	1	1
"522"	1	1	1	1	2	2	2	2	1	1	1	1	2	1	1	1	1	1	1	1	1
"523"	1	1	1	1	1	1	2	1	1	2	1	1	2	2	1	2	1	1	1	1	1
"524"	1	1	2	2	1	1	1	2	2	1	1	1	1	1	1	1	1	1	1	1	1
"525"	1	2	1	2	1	2	1	1	1	2	2	1	1	2	2	2	2	1	1	1	1
"526"	1	1	1	2	1	1	1	2	1	1	2	1	1	1	2	1	2	2	1	1	1
"527"	1	1	1	2	1	2	2	1	1	1	1	2	2	1	1	1	1	1	1	1	1
"528"	1	2	1	2	1	1	2	2	1	1	1	1	2	1	1	1	1	2	1	1	1
"529"	1	1	2	1	1	1	2	2	1	1	1	1	2	1	1	1	1	1	1	1	1
"530"	1	1	1	2	1	1	2	1	1	1	1	2	2	1	1	1	1	1	1	2	1
"531"	1	1	2	2	1	1	1	2	2	1	1	1	1	1	1	1	1	1	1	1	1
"532"	1	2	2	2	2	2	1	1	2	2	1	1	1	1	1	2	1	1	1	1	1
"533"	1	2	2	1	1	1	1	1	2	2	1	1	1	2	1	2	1	1	1	1	1
"534"	1	1	1	2	2	2	2	1	2	1	2	2	1	1	1	1	2	1	1	1	1
"535"	1	1	2	1	2	2	2	1	1	1	2	2	1	1	2	1	2	1	1	1	1
"536"	1	2	1	1	2	2	1	2	2	1	1	1	1	1	1	1	1	1	2	1	1
"537"	1	2	1	2	2	2	2	1	1	2	2	1	1	1	2	2	2	1	1	1	1
"538"	1	1	1	1	2	2	2	1	2	1	2	2	1	1	1	1	2	1	1	1	1
"539"	1	1	2	2	1	2	2	1	1	1	2	2	1	1	2	1	2	1	1	1	1
"540"	1	2	1	2	1	2	2	2	1	1	2	1	1	1	2	1	2	1	1	1	1
"541"	1	1	2	2	1	2	1	1	1	2	2	1	1	1	2	2	2	1	1	2	1
"542"	1	1	1	1	2	1	1	1	2	2	1	1	1	2	1	2	1	1	1	1	1
"543"	1	2	2	2	2	2	2	1	1	2	2	1	1	2	1	2	2	1	1	1	1
"544"	1	1	1	1	2	2	2	1	1	1	2	2	1	1	1	1	2	1	1	1	2
"545"	1	2	2	1	1	2	2	2	1	1	2	1	1	1	2	1	2	1	1	1	1
"546"	1	2	1	1	1	1	2	2	1	1	1	1	2	1	1	1	1	1	1	1	1
"547"	1	1	2	1	1	2	1	1	1	1	2	2	1	1	2	1	2	1	1	1	1
"548"	1	1	2	1	2	1	2	1	2	2	1	1	1	2	1	2	1	1	1	1	1
"549"	1	1	1	2	1	2	2	1	1	2	1	1	2	1	1	2	1	1	1	2	1
"550"	1	2	1	1	2	1	2	1	1	2	1	1	2	2	1	2	1	1	1	1	1
"551"	1	1	2	2	1	2	2	1	1	1	1	2	2	1	1	1	1	1	1	1	1
"552"	1	2	1	1	2	2	1	2	1	1	2	1	1	1	2	1	2	1	1	1	1
"553"	1	1	1	1	2	2	1	1	2	1	1	2	1	1	1	1	1	1	1	1	1
"554"	1	2	1	1	1	1	2	2	1	1	1	1	2	1	1	1	1	1	1	1	1
"555"	1	1	2	2	1	2	1	2	2	2	1	1	1	1	1	2	1	1	1	1	1
"556"	1	1	1	2	1	2	2	1	1	1	1	2	2	1	1	2	1	1	1	1	1
"557"	1	2	1	1	1	2	2	2	1	1	1	2	2	1	1	1	1	1	1	2	1
"558"	1	1	2	2	1	1	2	2	2	1	1	1	1	1	1	1	1	1	1	1	1
"559"	1	1	1	2	2	2	2	1	2	1	2	2	1	1	1	1	2	1	1	1	1
"560"	1	1	1	2	2	2	1	2	1	2	1	1	2	1	1	2	1	1	1	1	2
"561"	1	2	2	1	2	1	2	2	1	1	2	1	1	1	1	1	2	1	1	1	1
"562"	1	1	2	1	1	2	1	1	2	1	1	1	1	1	1	1	1	1	1	1	1
"563"	1	1	1	2	2	1	1	1	2	1	1	2	1	1	1	1	1	1	2	2	1
"564"	1	1	1	2	1	2	2	2	1	2	1	1	2	1	1	2	1	1	1	1	1
"565"	1	1	1	2	2	1	2	2	1	1	1	1	2	1	1	1	1	2	1	1	1
"566"	1	2	1	1	1	1	1	2	1	1	2	1	1	1	2	1	2	1	1	1	1
"567"	1	1	1	2	2	1	2	2	2	1	2	1	1	1	1	1	2	1	1	1	1
"568"	1	1	2	2	1	1	2	1	2	2	1	1	1	2	1	2	1	1	1	1	1
"569"	1	2	1	2	1	2	2	2	1	1	2	1	1	1	1	1	2	1	1	1	1
"570"	1	1	1	2	2	1	1	2	2	1	1	1	1	1	1	1	1	1	1	1	1
"571"	1	1	2	2	1	1	2	2	1	1	2	1	1	1	1	1	2	1	1	1	2
"572"	1	2	2	1	1	1	1	2	1	1	1	1	2	1	1	1	1	1	1	1	1
"573"	1	2	2	1	1	1	1	2	2	1	1	1	1	1	1	1	1	1	1	1	1
"574"	1	1	1	2	2	2	2	1	2	1	2	2	1	1	1	1	2	1	1	1	1
"575"	1	1	2	2	1	2	1	1	1	2	1	1	2	1	1	2	1	1	1	2	1
"576"	1	2	2	2	1	1	2	2	2	1	1	1	1	1	1	1	1	1	1	1	1
"577"	1	1	1	1	2	2	1	1	1	1	1	2	2	1	1	1	1	1	1	1	2
"578"	1	1	1	1	1	2	2	1	1	1	1	1	2	1	1	1	1	1	1	1	1
"579"	1	1	2	2	1	1	2	2	2	1	1	1	2	1	1	1	1	1	1	1	2
"580"	1	1	1	1	1	1	2	1	1	2	1	1	2	2	1	2	1	1	1	1	1
"581"	1	1	1	2	2	1	1	2	2	1	1	1	1	1	1	1	1	1	1	2	1
"582"	1	1	1	2	2	1	2	2	1	1	1	1	2	1	1	1	1	1	1	1	1
"583"	1	1	1	2	2	1	2	1	1	1	1	2	2	1	1	1	1	1	1	2	1
"584"	1	1	2	2	1	1	1	2	1	1	1	1	2	1	1	1	1	1	1	1	2
"585"	1	1	1	1	2	2	2	1	1	1	2	2	1	1	1	1	2	1	1	1	2
"586"	1	1	2	2	2	1	2	1	1	1	2	2	1	1	2	1	2	1	1	2	1
"587"	1	1	1	2	2	1	2	1	2	1	2	2	1	1	1	1	2	1	1	2	1
"588"	1	1	1	2	1	1	2	2	1	1	1	1	2	1	1	1	1	1	1	1	1
"589"	1	1	1	1	2	1	1	1	2	2	1	1	1	2	1	2	1	1	2	1	1
"590"	1	1	1	2	2	1	2	2	1	1	2	1	1	1	1	1	2	1	1	1	2
"591"	1	1	1	2	2	2	2	2	2	2	2	1	1	1	1	2	2	1	1	1	1
"592"	1	1	2	1	1	1	1	1	2	2	1	1	1	2	1	2	1	1	1	1	1
"593"	1	1	1	1	2	2	1	1	2	1	1	2	2	1	1	1	1	1	1	1	1
"594"	1	2	2	1	1	2	1	2	2	1	1	2	1	1	1	1	1	1	1	1	1
"595"	1	1	1	1	1	1	2	1	1	2	1	1	2	2	1	2	1	1	1	1	1
"596"	1	2	1	2	2	1	1	2	2	1	1	1	1	1	1	1	1	1	1	1	1
"597"	1	2	1	1	2	1	2	1	1	2	2	1	1	2	2	2	2	1	1	1	1
"598"	1	1	2	2	2	1	2	2	1	1	2	1	1	1	2	1	2	1	1	1	1
"599"	1	1	1	2	2	1	1	2	1	1	1	1	2	1	1	1	1	1	1	1	2
"600"	1	1	2	1	1	2	1	1	2	1	1	2	1	1	1	1	1	1	1	1	1
"601"	1	1	1	2	2	2	1	1	2	1	1	2	1	1	1	1	1	1	2	1	1
"602"	1	1	2	2	1	1	1	2	2	1	1	1	1	1	1	1	1	1	1	1	1
"603"	1	1	1	1	2	2	2	1	1	1	1	2	2	1	1	1	1	1	1	1	2
"604"	1	2	1	1	1	1	1	2	1	1	2	1	1	1	2	1	2	1	1	1	1
"605"	1	1	1	2	2	1	1	2	2	1	1	1	1	1	1	1	1	1	1	1	1
"606"	1	1	1	2	2	2	2	2	2	2	2	1	1	1	1	2	2	1	1	1	1
"607"	1	1	1	2	2	1	1	2	2	1	1	1	1	1	1	1	1	1	1	1	1
"608"	1	1	1	1	1	2	2	1	1	2	1	1	2	2	1	2	1	1	1	1	1
"609"	1	1	1	1	2	2	1	1	2	1	1	2	1	1	1	1	1	1	1	1	1
"610"	1	1	2	1	2	2	1	1	2	1	1	2	1	1	1	1	1	1	1	1	1
"611"	1	2	1	1	1	1	2	1	1	1	1	2	1	1	1	1	1	1	1	1	1
"612"	1	2	1	1	1	2	2	2	1	1	1	1	2	1	1	1	1	1	1	1	1
"613"	1	1	2	1	2	2	2	1	1	1	2	1	1	1	1	1	2	1	1	1	1
"614"	1	1	1	2	1	1	2	1	1	1	2	2	1	1	1	1	2	1	1	2	1
"615"	1	1	1	1	1	2	1	1	1	1	2	2	1	1	2	1	2	1	1	1	1
"616"	1	1	1	2	1	1	2	2	1	1	1	1	2	1	1	1	1	1	1	1	1
"617"	1	1	1	2	1	1	2	2	1	1	1	1	2	1	1	1	1	1	1	1	1
"618"	1	1	1	1	1	2	1	1	1	1	2	2	1	1	2	1	2	1	1	1	1
"619"	1	1	2	2	2	1	1	2	2	1	1	1	1	1	1	1	1	1	1	1	1
"620"	1	1	1	2	1	1	2	2	1	1	1	1	2	1	1	1	1	1	1	1	1
"621"	1	1	1	2	2	1	2	2	1	1	1	1	2	1	1	1	1	1	1	1	1
"622"	1	1	2	2	1	2	2	1	1	2	2	1	1	2	2	2	2	1	1	1	1
"623"	1	2	1	1	2	1	1	1	2	1	1	2	1	1	1	1	1	1	1	2	1
"624"	1	2	2	1	1	2	2	1	2	2	1	1	2	2	1	2	1	1	1	1	1
"625"	1	1	1	1	2	1	1	1	2	2	1	1	1	2	1	2	1	1	1	1	1
"626"	1	2	2	1	1	2	1	2	2	1	1	2	1	1	1	1	1	1	1	1	1
"627"	1	2	1	1	2	2	1	2	2	1	1	1	1	1	1	1	1	1	1	1	1
"628"	1	2	1	1	1	2	2	1	1	2	1	1	2	2	1	2	1	1	1	1	1
"629"	1	1	1	2	1	1	2	2	1	1	1	1	2	1	1	1	1	1	1	2	1
"630"	1	1	2	1	1	2	1	1	2	1	1	2	1	1	1	1	1	1	1	1	1
"631"	1	1	1	1	2	1	2	1	1	2	2	1	1	2	1	2	2	1	1	1	2
"632"	1	2	1	1	2	1	1	1	1	1	1	2	2	1	1	1	1	1	1	2	2
"633"	1	1	2	1	1	2	1	1	1	1	2	2	1	1	2	1	2	1	1	1	1
"634"	1	2	1	1	2	1	1	2	2	1	1	1	1	1	1	1	1	1	1	1	1
"635"	1	1	2	2	1	2	1	1	1	2	2	1	1	1	2	2	2	1	1	2	1
"636"	1	1	1	2	2	2	2	2	1	2	1	1	2	1	1	2	1	1	1	1	1
"637"	1	2	1	1	1	1	2	1	1	1	1	2	2	1	1	1	1	1	1	1	1
"638"	1	1	1	1	1	2	2	1	1	1	1	2	2	1	1	1	1	1	1	1	1
"639"	1	1	2	2	1	1	2	2	2	1	1	2	1	1	1	1	1	1	1	1	1
"640"	1	1	1	2	1	2	2	1	1	2	1	1	2	2	1	2	1	1	1	1	1
"641"	1	1	1	1	1	2	2	1	1	1	1	2	2	1	1	1	1	1	1	1	1
"642"	1	1	2	2	2	2	1	1	2	2	1	1	1	1	1	2	1	1	1	2	1
"643"	1	1	2	1	1	2	2	1	2	1	1	2	2	1	1	1	1	1	1	1	2
"644"	1	1	1	1	2	2	1	1	2	1	1	2	1	1	1	1	1	1	2	1	1
"645"	1	1	2	1	1	2	2	1	1	1	1	2	2	1	1	1	1	1	1	1	1
"646"	1	1	1	2	1	1	2	2	1	1	1	1	2	1	1	1	1	2	1	1	1
"647"	1	1	1	2	2	1	2	1	1	2	2	1	1	2	1	2	2	1	1	1	2
"648"	1	2	1	1	1	2	2	1	1	2	1	1	2	2	1	2	1	1	1	1	1
"649"	1	2	1	1	2	1	1	1	2	1	1	2	1	1	1	1	1	1	1	1	1
"650"	1	1	1	2	2	1	2	2	1	1	2	1	1	1	1	1	2	1	1	1	2
"651"	1	1	2	2	1	1	1	2	1	1	2	1	1	1	2	1	2	1	1	1	1
"652"	1	1	2	1	1	1	2	1	2	2	1	1	1	2	1	2	1	1	1	1	1
"653"	1	1	1	2	2	2	1	2	2	2	1	1	1	1	1	2	1	1	1	1	2
"654"	1	2	1	1	1	1	2	1	1	1	1	2	2	1	1	1	1	1	1	2	1
"655"	1	1	1	1	2	2	2	1	1	1	2	2	1	1	2	1	2	1	1	1	1
"656"	1	2	1	1	2	1	1	1	2	1	1	2	1	1	1	1	1	1	1	2	1
"657"	1	2	1	2	2	2	2	1	1	2	2	1	1	2	1	2	2	1	1	1	2
"658"	1	1	1	2	2	2	1	1	2	1	1	2	1	1	1	1	1	1	1	2	1
"659"	1	1	1	2	2	2	1	2	2	2	1	1	1	1	1	2	1	1	1	1	1
"660"	1	1	2	2	1	1	1	2	1	1	1	1	2	1	1	1	1	2	1	1	1
"661"	1	1	1	2	2	2	2	1	1	2	2	1	1	2	1	2	2	1	1	1	2
"662"	1	2	1	1	2	2	1	2	2	1	1	2	1	1	1	1	1	1	2	1	1
"663"	1	1	1	1	2	2	1	1	2	1	1	2	1	1	1	1	1	1	1	1	2
"664"	1	1	2	2	1	1	2	2	1	1	2	1	1	1	2	1	2	1	1	1	1
"665"	1	1	2	2	1	1	1	2	2	1	1	1	1	1	1	1	1	2	1	1	1
"666"	1	2	2	1	1	1	2	2	1	1	2	1	1	1	2	1	2	1	1	1	1
"667"	1	1	1	1	1	1	1	1	1	2	2	1	1	2	2	2	2	1	1	1	1
"668"	1	1	1	2	2	1	1	2	2	1	1	1	1	1	1	1	1	1	1	1	1
"669"	1	2	1	1	1	1	2	2	1	1	1	1	2	1	1	1	1	1	1	1	1
"670"	1	1	1	2	2	1	1	2	2	1	1	1	1	1	1	1	1	1	1	1	1
"671"	1	1	2	2	1	1	2	2	2	1	1	1	1	1	1	1	1	1	1	2	1
"672"	1	1	1	1	2	2	1	1	2	1	1	2	1	1	1	1	1	1	1	1	1
"673"	1	1	1	2	1	1	1	2	1	1	2	1	1	1	2	1	2	1	1	1	1
"674"	1	1	1	2	2	2	2	1	1	2	2	1	1	2	1	2	2	1	1	1	2
"675"	1	2	2	2	1	2	2	2	1	1	2	1	1	1	2	1	2	1	1	1	1
"676"	1	1	1	1	2	1	1	1	2	2	1	1	1	2	1	2	1	1	2	1	1
"677"	1	1	1	1	2	2	1	1	2	1	1	2	1	1	1	1	1	1	1	1	1
"678"	1	1	1	2	2	1	2	2	1	1	2	1	1	1	1	1	2	2	1	1	2
"679"	1	1	2	2	1	2	1	1	1	1	1	2	2	1	1	1	1	1	1	1	1
"680"	1	2	2	1	2	1	2	2	2	1	1	1	1	1	1	1	1	1	1	1	1
"681"	1	2	1	1	1	1	2	2	1	1	1	1	2	1	1	1	1	1	1	1	1
"682"	1	1	1	2	1	1	2	2	1	1	2	1	1	1	1	1	2	1	1	1	1
"683"	1	1	1	2	2	1	1	1	2	1	1	2	1	1	1	1	1	1	1	2	2
"684"	1	1	1	1	2	2	1	1	2	1	1	2	1	1	1	1	1	1	1	1	2
"685"	1	1	2	2	1	1	1	2	2	1	1	1	1	1	1	1	1	2	1	1	1
"686"	1	2	1	1	1	2	2	2	1	1	1	1	2	1	1	1	1	1	1	1	1
"687"	1	1	1	1	2	1	1	1	2	2	1	1	2	2	1	2	1	1	1	1	1
"688"	1	2	2	2	1	2	2	2	2	1	1	1	1	1	1	1	1	1	1	1	1
"689"	1	1	1	1	2	1	1	1	2	2	1	1	1	2	1	2	1	1	1	1	1
"690"	1	2	1	2	2	1	1	2	2	1	1	1	1	1	1	1	1	1	1	1	1
"691"	1	1	1	1	1	2	2	1	1	1	1	2	2	1	1	1	1	1	1	1	1
"692"	1	1	2	1	1	2	2	1	2	1	1	2	1	1	1	1	1	1	1	1	1
"693"	1	2	1	2	2	2	2	2	2	1	2	1	1	1	1	1	2	1	1	1	1
"694"	1	1	2	2	1	2	2	1	2	1	1	2	1	1	1	1	1	1	1	1	1
"695"	1	2	1	1	1	1	1	2	1	1	2	1	1	1	2	1	2	1	1	1	1
"696"	1	1	2	2	1	1	2	2	2	1	1	1	1	1	1	1	1	2	1	1	1
"697"	1	1	1	1	2	1	1	2	2	1	1	1	1	1	1	1	1	1	1	1	1
"698"	1	2	1	1	2	2	2	1	2	2	2	1	1	2	1	2	2	1	1	1	1
"699"	1	2	2	2	1	2	1	1	2	2	1	1	1	1	1	2	1	1	1	2	1
"700"	1	1	1	1	2	2	1	1	2	1	1	2	1	1	1	1	1	1	2	1	1
"701"	1	2	2	1	2	2	1	2	2	1	1	1	1	1	1	1	1	1	1	1	1
"702"	1	1	1	2	1	1	2	2	1	1	2	2	1	1	2	1	2	1	1	1	1
"703"	1	1	1	1	2	2	2	1	2	1	2	2	1	1	1	1	2	1	1	1	1
"704"	1	1	1	2	1	1	1	2	1	1	2	1	1	1	2	1	2	1	1	1	1
"705"	1	1	1	1	1	2	2	1	1	2	1	1	2	2	1	2	1	1	1	1	1
"706"	1	1	1	2	2	1	2	2	1	1	2	1	1	1	1	1	2	1	1	1	2
"707"	1	1	2	2	1	1	1	2	1	1	1	1	2	1	1	1	1	2	1	1	1
"708"	1	2	1	2	2	1	1	2	2	1	1	1	1	1	1	1	1	2	1	1	1
"709"	1	1	1	2	2	2	1	2	2	2	1	1	1	1	1	2	1	1	2	1	1
"710"	1	1	1	1	2	2	1	1	2	1	1	2	1	1	1	1	1	1	1	1	1
"711"	1	2	1	1	2	1	1	1	1	1	1	2	2	1	1	1	1	1	1	1	2
"712"	1	2	2	2	2	1	1	2	2	1	1	1	1	1	1	1	1	1	1	1	1
"713"	1	1	1	2	1	1	2	2	1	1	1	1	2	1	1	1	1	1	1	1	1
"714"	1	2	1	1	2	1	1	2	2	1	1	1	1	1	1	1	1	1	1	1	1
"715"	1	2	2	2	1	2	2	2	1	1	2	1	1	1	2	1	2	1	1	1	1
"716"	1	1	1	1	2	1	2	1	1	2	1	1	2	2	1	2	1	1	1	1	1
"717"	1	1	2	2	1	2	1	2	2	2	1	1	1	1	1	2	1	1	1	1	1
"718"	1	2	1	2	2	2	2	1	2	2	2	1	1	2	1	2	2	1	1	1	1
"719"	1	1	2	1	1	2	2	2	2	1	1	1	2	1	1	1	1	1	1	1	2
"720"	1	1	1	2	2	1	1	2	2	1	1	1	1	1	1	1	1	1	2	1	1
"721"	1	1	1	2	1	1	2	2	1	1	2	1	1	1	2	1	2	2	1	1	1
"722"	1	1	1	1	1	2	2	1	1	1	1	2	2	1	1	1	1	1	1	1	1
"723"	1	1	1	2	1	1	2	2	1	1	1	1	2	1	1	1	1	1	1	1	1
"724"	1	1	1	2	2	2	2	2	1	2	1	1	2	1	1	2	1	1	1	1	1
"725"	1	2	1	1	1	2	2	2	1	1	1	1	2	1	1	1	1	1	1	1	1
"726"	1	2	1	2	2	2	1	1	2	2	1	1	1	1	1	2	1	1	1	1	2
"727"	1	2	2	1	1	2	2	2	1	1	2	1	1	1	2	1	2	1	1	1	1
"728"	1	2	1	1	2	1	1	1	2	1	1	2	1	1	1	1	1	1	1	1	2
"729"	1	1	1	2	2	2	1	1	2	1	1	2	1	1	1	1	1	1	1	1	2
"730"	1	1	1	2	2	2	1	1	1	2	1	1	2	1	1	2	1	1	1	2	2
"731"	1	1	1	2	2	1	1	2	2	1	1	1	1	1	1	1	1	2	1	1	1
"732"	1	1	1	1	2	2	1	1	2	1	1	1	1	1	1	1	1	1	1	1	1
"733"	1	2	1	1	1	1	1	1	1	1	2	2	1	1	2	1	2	1	1	1	1
"734"	1	1	1	2	2	1	1	2	2	1	1	1	1	1	1	1	1	2	1	1	1
"735"	1	1	2	2	1	2	2	1	1	2	1	1	2	1	1	2	1	1	1	2	1
"736"	1	1	1	2	1	1	2	2	1	1	1	1	2	1	1	1	1	1	1	1	1
"737"	1	1	1	2	1	1	1	2	1	1	2	1	1	1	2	1	2	1	1	2	1
"738"	1	1	2	2	1	1	2	2	1	1	2	1	1	1	2	1	2	2	1	1	1
"739"	1	2	1	1	1	1	2	1	1	1	1	2	2	1	1	1	1	1	1	1	1
"740"	1	1	2	2	2	1	2	2	1	1	2	1	1	1	2	1	2	1	1	1	1
"741"	1	2	1	1	1	1	2	1	1	1	1	2	2	1	1	1	1	1	1	2	1
"742"	1	2	1	2	1	2	1	1	1	2	2	1	1	1	2	2	2	1	1	1	1
"743"	1	2	1	1	2	1	1	2	2	1	1	1	1	1	1	1	1	1	1	1	1
"744"	1	2	1	1	2	1	1	1	1	2	1	1	2	2	1	2	1	1	1	1	2
"745"	1	2	1	1	1	2	2	1	1	2	1	1	2	2	1	2	1	1	1	1	1
"746"	1	2	2	1	2	2	2	2	1	1	2	1	1	1	1	1	2	1	1	1	2
"747"	1	2	1	1	1	1	2	2	1	1	1	1	2	1	1	1	1	1	1	1	1
"748"	1	1	1	2	2	1	1	2	2	1	1	1	1	1	1	1	1	1	1	1	1
"749"	1	1	1	2	2	1	1	2	1	1	2	1	1	1	2	1	2	1	1	1	1
"750"	1	1	1	2	2	1	2	2	2	1	2	1	1	1	1	1	2	1	1	1	1
"751"	1	1	1	1	1	2	2	1	1	1	1	2	2	1	1	1	1	1	1	1	1
"752"	1	2	1	1	2	2	2	2	1	1	2	1	1	1	1	1	2	1	1	1	2
"753"	1	1	1	2	2	1	1	2	2	1	1	1	1	1	1	1	1	1	1	2	2
"754"	1	2	1	1	2	2	2	1	1	2	2	1	1	2	2	2	2	1	1	1	1
"755"	1	2	1	1	2	2	1	2	1	1	1	1	2	1	1	1	1	1	1	1	2
"756"	1	1	1	2	1	2	2	1	1	2	1	1	2	1	1	2	1	1	1	2	1
"757"	1	1	1	1	1	2	2	1	1	1	2	2	1	1	1	1	2	1	1	1	1
"758"	1	2	1	2	1	1	2	2	1	1	1	1	2	1	1	1	1	2	1	1	1
"759"	1	2	2	1	1	1	1	1	2	2	1	1	1	2	1	2	1	1	1	1	1
"760"	1	1	1	2	1	1	2	2	1	1	1	1	2	1	1	1	1	1	1	1	1
"761"	1	1	1	2	1	1	2	2	1	1	1	1	2	1	1	1	1	1	1	1	1
"762"	1	1	2	1	1	2	2	1	1	1	2	2	1	1	2	1	2	1	1	1	1
"763"	1	1	2	2	1	1	2	2	2	1	1	1	1	1	1	1	1	1	1	1	1
"764"	1	2	1	1	1	2	2	1	1	2	1	1	2	2	1	2	1	1	1	1	1
"765"	1	2	2	1	1	2	1	2	2	1	1	1	1	1	1	1	1	1	1	1	1
"766"	1	2	2	1	1	1	1	1	1	1	2	2	1	1	2	1	2	1	1	1	1
"767"	1	2	1	1	2	2	2	1	2	2	2	1	1	2	1	2	2	1	1	1	1
"768"	1	1	2	2	1	1	2	2	2	1	1	1	1	1	1	1	1	1	1	1	1
"769"	1	2	2	1	1	1	2	1	1	2	2	1	1	2	1	2	2	1	1	1	2
"770"	1	1	2	2	2	1	2	2	1	1	2	1	1	1	1	1	2	1	1	1	2
"771"	1	2	1	2	1	1	2	2	1	1	1	1	2	1	1	1	1	1	1	1	1
"772"	1	2	1	1	2	1	2	2	1	1	2	1	1	1	2	1	2	1	1	1	1
"773"	1	1	1	2	2	2	1	2	1	2	1	1	2	1	1	2	1	1	1	1	2
"774"	1	1	1	1	2	1	2	1	2	2	2	1	1	2	1	2	2	1	1	1	1
"775"	1	1	1	2	2	1	1	2	2	1	1	1	1	1	1	1	1	2	1	1	1
"776"	1	1	1	1	1	2	1	1	1	1	2	2	1	1	2	1	2	1	1	1	1
"777"	1	1	2	1	1	2	1	1	1	2	1	1	2	1	1	2	1	1	1	1	2
"778"	1	1	2	1	1	2	2	1	2	1	1	2	1	1	1	1	1	1	1	1	1
"779"	1	1	1	2	1	2	2	2	1	2	1	1	2	1	1	2	1	1	1	1	1
"780"	1	1	2	2	1	1	2	2	2	1	1	1	1	1	1	1	1	1	1	1	1
"781"	1	2	1	1	2	1	1	2	2	1	1	1	1	1	1	1	1	1	1	1	1
"782"	1	2	1	1	2	2	2	1	1	2	2	1	1	2	1	2	2	1	1	1	2
"783"	1	1	1	2	1	1	2	1	1	1	2	2	1	1	1	1	2	1	1	2	1
"784"	1	1	1	1	2	1	1	1	2	2	1	1	1	2	1	2	1	1	2	1	1
"785"	1	1	1	2	1	1	2	2	1	1	1	1	2	1	1	1	1	1	1	1	1
"786"	1	1	1	1	2	2	2	2	1	1	2	1	1	1	1	1	2	1	1	1	2
"787"	1	1	1	1	2	2	1	1	2	1	1	2	1	1	1	1	1	1	1	1	1
"788"	1	1	1	1	2	2	1	1	2	1	1	2	1	1	1	1	1	1	1	1	1
"789"	1	2	1	1	2	1	1	2	2	1	1	1	1	1	1	1	1	1	1	1	1
"790"	1	1	1	2	2	1	2	2	2	1	2	1	1	1	1	1	2	1	1	1	1
"791"	1	1	1	1	2	2	2	1	2	2	2	1	1	2	1	2	2	1	1	1	1
"792"	1	1	1	1	1	2	1	1	1	1	2	2	1	1	2	1	2	1	1	1	1
"793"	1	1	2	2	1	2	2	2	2	2	1	1	1	1	1	2	1	1	1	1	1
"794"	1	1	2	2	1	1	2	2	2	1	1	1	2	1	1	1	1	1	1	2	1
"795"	1	2	1	1	1	1	2	1	1	2	1	1	2	2	1	2	1	1	1	1	1
"796"	1	1	1	2	2	1	1	2	2	1	1	1	1	1	1	1	1	2	1	1	1
"797"	1	1	1	2	2	1	1	1	2	1	1	2	1	1	1	1	1	1	1	2	1
"798"	1	2	1	1	1	1	2	2	1	1	1	1	2	1	1	1	1	1	1	1	1
"799"	1	2	1	1	2	1	1	1	2	1	1	2	1	1	1	1	1	1	2	2	1
"800"	1	1	1	1	2	2	1	1	2	1	1	2	1	1	1	1	1	1	2	1	1
"801"	1	1	1	2	2	2	1	1	2	2	1	1	1	2	1	2	1	1	1	1	1
"802"	1	2	1	2	1	1	2	2	1	1	1	1	2	1	1	1	1	1	1	1	1
"803"	1	1	1	2	1	2	2	1	1	1	1	2	2	1	1	1	1	1	1	1	1
"804"	1	1	1	1	2	2	1	1	2	2	1	1	1	1	1	2	1	1	2	1	1
"805"	1	1	1	2	2	1	2	2	1	1	1	1	2	1	1	1	1	1	1	1	1
"806"	1	1	2	2	1	2	2	2	2	2	1	1	1	1	1	2	1	1	1	1	1
"807"	1	1	1	1	2	1	1	1	1	2	1	1	2	2	1	2	1	1	1	1	2
"808"	1	2	2	1	1	2	1	2	2	1	1	1	1	1	1	1	1	1	1	1	1
"809"	1	1	1	1	2	2	1	1	2	1	1	2	1	1	1	1	1	1	1	1	2
"810"	1	1	1	1	2	2	1	1	2	1	1	2	1	1	1	1	1	1	1	1	1
"811"	1	2	1	1	1	1	2	2	1	1	1	1	2	1	1	1	1	1	1	1	1
"812"	1	1	2	1	1	2	1	1	2	1	1	2	1	1	1	1	1	1	1	1	1
"813"	1	1	1	1	2	2	1	1	2	1	1	2	1	1	1	1	1	1	1	1	1
"814"	1	1	2	2	1	1	2	2	2	1	1	1	1	1	1	1	1	2	1	1	1
"815"	1	2	1	1	2	1	2	2	2	1	2	1	1	1	1	1	2	1	1	1	1
"816"	1	2	1	1	2	2	1	2	2	1	1	1	1	1	1	1	1	1	1	1	1
"817"	1	1	1	2	2	1	1	2	1	1	2	1	1	1	2	1	2	2	1	1	1
"818"	1	1	2	2	1	1	1	2	1	1	2	1	1	1	2	1	2	1	1	2	1
"819"	1	1	1	1	1	2	2	1	1	1	2	2	1	1	2	1	2	1	1	1	1
"820"	1	2	1	1	2	2	2	2	1	1	2	1	1	1	1	1	2	1	1	1	2
"821"	1	2	1	1	2	1	1	1	2	1	1	2	1	1	1	1	1	1	1	2	2
"822"	1	1	2	2	1	1	1	1	2	1	1	2	1	1	1	1	1	1	1	2	1
"823"	1	2	2	2	1	2	2	1	1	2	1	1	2	2	1	2	1	1	1	1	1
"824"	1	1	1	2	2	1	1	2	2	1	1	1	1	1	1	1	1	1	1	1	1
"825"	1	1	1	2	1	1	2	1	1	1	1	2	2	1	1	1	1	1	1	2	1
"826"	1	1	1	2	1	1	1	2	1	1	2	1	1	1	2	1	2	2	1	1	1
"827"	1	2	1	2	2	1	1	2	2	1	1	1	1	1	1	1	1	1	1	1	1
"828"	1	1	1	2	1	1	2	2	1	1	1	1	2	1	1	1	1	1	1	1	2
"829"	1	2	1	1	2	1	1	2	2	1	1	1	1	1	1	1	1	1	1	1	1
"830"	1	2	1	1	2	1	1	2	1	1	1	1	2	1	1	1	1	1	1	1	2
"831"	1	1	1	1	1	2	2	1	1	1	1	1	2	1	1	1	1	1	1	1	1
"832"	1	1	1	2	2	1	1	2	1	1	1	1	2	1	1	1	1	1	1	1	2
"833"	1	2	1	1	2	1	2	2	2	1	2	1	1	1	1	1	2	1	1	1	1
"834"	1	1	1	2	2	1	2	2	2	1	2	1	1	1	1	1	2	1	1	1	1
"835"	1	2	1	2	1	2	2	1	1	2	1	1	2	1	1	2	1	1	1	1	1
"836"	1	1	1	2	1	1	2	2	1	1	2	2	1	1	2	1	2	1	1	1	1
"837"	1	2	2	1	1	2	2	1	2	2	1	1	1	2	1	2	1	1	1	1	1
"838"	1	1	1	2	2	1	1	2	2	1	1	1	1	1	1	1	1	2	1	1	1
"839"	1	1	1	1	2	2	2	1	2	1	2	2	1	1	1	1	2	1	1	1	1
"840"	1	2	1	1	2	1	2	1	1	1	2	2	1	1	2	1	2	1	1	2	1
"841"	1	1	1	2	1	1	2	1	1	1	2	2	1	1	2	1	2	1	1	2	1
"842"	1	1	2	2	2	1	2	2	2	1	1	1	1	1	1	1	1	1	1	1	1
"843"	1	2	2	2	1	1	1	2	1	1	1	1	2	1	1	1	1	1	1	1	1
"844"	1	1	1	2	2	1	1	2	2	1	1	1	1	1	1	1	1	1	2	1	1
"845"	1	1	2	2	1	1	2	1	2	1	1	2	1	1	1	1	1	1	1	2	1
"846"	1	2	1	2	2	1	1	2	1	1	1	1	2	1	1	1	1	1	1	1	2
"847"	1	1	1	1	2	2	1	1	1	1	1	2	2	1	1	1	1	1	1	1	2
"848"	1	2	1	1	2	1	1	2	2	1	1	1	1	1	1	1	1	1	1	1	1
"849"	1	1	1	1	2	2	1	1	2	1	1	2	1	1	1	1	1	1	1	1	1
"850"	1	2	2	2	2	2	1	1	2	2	1	1	1	2	1	2	1	1	1	1	1
"851"	1	2	1	1	1	1	2	1	1	2	1	1	2	2	1	2	1	1	1	1	1
"852"	1	1	1	2	2	2	1	2	2	2	1	1	1	1	1	2	1	1	1	1	2
"853"	1	2	1	1	1	2	2	1	1	2	1	1	2	2	1	2	1	1	1	1	1
"854"	1	1	1	2	2	2	2	2	1	2	2	1	1	1	1	2	2	1	1	1	2
"855"	1	1	1	1	1	2	2	1	1	1	1	1	2	1	1	1	1	1	1	1	1
"856"	1	1	1	1	2	1	1	1	2	2	1	1	1	2	1	2	1	1	1	1	1
"857"	1	1	2	1	2	1	2	1	1	2	2	1	1	2	1	2	2	1	1	1	2
"858"	1	2	2	2	1	2	1	2	1	1	1	1	2	1	1	1	1	1	1	1	1
"859"	1	1	1	1	1	2	2	1	1	1	1	2	2	1	1	1	1	1	1	1	1
"860"	1	2	1	1	1	1	2	2	1	1	2	1	1	1	1	1	2	1	1	1	1
"861"	1	1	1	2	1	2	2	2	1	2	1	1	2	1	1	2	1	1	1	1	1
"862"	1	2	1	2	2	2	1	1	2	2	1	1	1	1	1	2	1	1	1	1	2
"863"	1	1	2	2	1	1	2	2	2	1	1	1	1	1	1	1	1	1	1	1	1
"864"	1	1	1	2	1	2	2	1	1	1	1	2	2	1	1	1	1	1	1	1	1
"865"	1	1	1	1	2	2	1	2	2	1	1	1	1	1	1	1	1	1	1	1	1
"866"	1	2	1	2	2	1	1	2	2	1	1	1	1	1	1	1	1	2	1	1	1
"867"	1	1	2	1	1	2	1	1	2	1	1	2	1	1	1	1	1	1	1	1	1
"868"	1	2	1	1	1	2	2	2	1	1	1	1	1	1	1	1	1	1	1	1	1
"869"	1	1	1	2	2	1	1	1	2	1	1	2	1	1	1	1	1	1	1	2	2
"870"	1	1	1	2	2	1	1	2	2	1	1	1	1	1	1	1	1	1	1	1	1
"871"	1	2	1	2	1	2	1	1	1	2	2	1	1	2	2	2	2	1	1	1	1
"872"	1	1	1	1	2	2	1	1	2	1	1	2	1	1	1	1	1	1	1	1	1
"873"	1	1	1	2	2	2	1	1	1	2	1	1	2	2	1	2	1	1	1	1	2
"874"	1	1	2	2	1	1	1	2	1	1	1	1	2	1	1	1	1	1	1	1	2
"875"	1	2	1	1	2	1	2	1	1	1	2	2	1	1	1	1	2	1	1	1	2
"876"	1	2	1	1	2	1	1	2	2	1	1	1	1	1	1	1	1	1	1	1	1
"877"	1	1	1	1	1	1	2	1	1	2	1	1	1	2	1	2	1	1	1	1	1
"878"	1	1	1	2	2	1	1	2	2	1	1	1	1	1	1	1	1	1	1	1	2
"879"	1	1	2	2	1	2	2	1	1	2	1	1	2	1	1	2	1	1	1	2	1
"880"	1	1	1	2	1	1	2	2	1	1	1	1	2	1	1	1	1	1	1	1	1
"881"	1	1	1	2	2	1	1	2	2	1	1	1	1	1	1	1	1	1	2	1	1
"882"	1	2	1	1	1	1	2	2	1	1	1	1	2	1	1	1	1	1	1	1	1
"883"	1	1	2	2	1	1	1	2	1	1	1	1	2	1	1	1	1	1	1	1	2
"884"	1	1	1	1	2	1	2	1	1	2	1	1	2	2	1	2	1	1	1	1	1
"885"	1	1	1	1	2	2	1	1	2	1	1	2	1	1	1	1	1	1	2	1	1
"886"	1	1	1	1	2	1	1	1	2	2	1	1	1	2	1	2	1	1	1	1	1
"887"	1	2	2	1	1	2	2	2	2	1	1	2	1	1	1	1	1	1	1	2	1
"888"	1	1	1	2	2	1	1	2	2	1	1	1	1	1	1	1	1	1	1	1	1
"889"	1	1	1	1	1	2	1	1	1	1	2	2	1	1	2	1	2	1	1	1	1
"890"	1	1	2	2	1	1	2	2	2	1	1	1	1	1	1	1	1	1	1	2	1
"891"	1	1	1	2	2	1	2	2	1	1	1	1	2	1	1	1	1	1	1	1	1
"892"	1	1	2	2	1	2	1	1	1	2	1	1	2	1	1	2	1	1	1	2	2
"893"	1	1	1	1	1	2	2	1	1	1	1	2	2	1	1	1	1	1	1	1	1
"894"	1	1	1	1	1	2	2	1	1	1	1	2	2	1	1	1	1	1	1	1	1
"895"	1	2	1	1	2	2	1	1	1	1	2	2	1	1	2	1	2	1	1	1	1
"896"	1	1	1	1	2	2	1	1	2	1	1	2	1	1	1	1	1	1	1	1	1
"897"	1	1	1	1	2	2	2	1	2	1	2	2	1	1	1	1	2	1	1	1	1
"898"	1	2	1	1	1	2	2	2	1	1	1	1	2	1	1	1	1	1	1	1	1
"899"	1	1	1	1	2	1	1	1	2	2	1	1	1	2	1	2	1	1	1	1	1
"900"	1	1	2	1	1	2	1	1	2	1	1	2	1	1	1	1	1	1	1	1	1
"901"	1	2	1	1	2	1	1	1	2	1	1	2	1	1	1	1	1	1	1	2	1
"902"	1	2	1	1	2	2	1	2	2	1	1	1	1	1	1	1	1	1	1	1	1
"903"	1	2	1	1	1	2	2	2	1	1	1	2	2	1	1	1	1	1	1	1	1
"904"	1	1	1	2	2	2	1	1	2	1	1	2	1	1	1	1	1	1	2	1	1
"905"	1	2	2	1	2	1	2	2	1	1	2	1	1	1	2	1	2	1	1	1	1
"906"	1	1	1	2	1	1	2	2	1	1	1	1	2	1	1	1	1	1	1	1	1
"907"	1	1	1	2	1	2	2	1	1	2	1	1	2	1	1	2	1	1	1	1	1
"908"	1	1	2	2	1	1	2	2	2	1	1	1	1	1	1	1	1	1	1	1	1
"909"	1	1	1	2	2	1	2	2	1	1	1	1	2	1	1	1	1	1	1	1	2
"910"	1	1	2	2	1	1	1	2	1	1	2	1	1	1	2	1	2	2	1	1	1
"911"	1	1	2	2	2	1	1	2	2	1	1	1	1	1	1	1	1	1	2	1	1
"912"	1	2	2	1	2	1	1	2	2	1	1	1	1	1	1	1	1	1	1	1	1
"913"	1	2	1	1	1	1	1	2	1	1	2	1	1	1	2	1	2	1	1	1	1
"914"	1	2	1	1	2	1	1	1	2	1	1	2	1	1	1	1	1	1	2	2	1
"915"	1	1	1	2	2	1	1	2	2	1	1	1	1	1	1	1	1	1	1	1	1
"916"	1	2	1	1	2	1	1	2	2	1	1	1	1	1	1	1	1	1	1	1	1
"917"	1	1	1	2	2	1	1	1	2	2	1	1	1	2	1	2	1	1	1	1	1
"918"	1	1	1	2	1	1	2	2	1	1	1	1	1	1	1	1	1	1	1	1	1
"919"	1	1	2	1	1	2	2	1	2	2	1	1	1	2	1	2	1	1	1	1	1
"920"	1	1	1	1	2	1	1	1	2	2	1	1	2	2	1	2	1	1	1	1	1
"921"	1	2	2	1	1	1	1	2	1	1	1	1	2	1	1	1	1	1	1	1	2
"922"	1	1	1	2	2	1	1	1	2	1	1	2	1	1	1	1	1	1	2	2	1
"923"	1	1	1	2	1	2	2	1	1	2	1	1	2	1	1	2	1	1	1	2	1
"924"	1	2	2	1	1	1	2	2	1	1	2	1	1	1	2	1	2	1	1	1	1
"925"	1	2	2	1	1	1	1	2	2	1	1	1	1	1	1	1	1	1	1	1	1
"926"	1	2	1	1	2	1	1	2	2	1	1	1	1	1	1	1	1	1	1	1	1
"927"	1	1	2	1	1	2	1	1	1	1	1	2	2	1	1	1	1	1	1	1	2
"928"	1	1	1	1	1	2	2	1	1	1	1	2	2	1	1	1	1	1	1	1	1
"929"	1	1	2	1	1	2	1	1	2	2	1	1	1	1	1	2	1	1	1	1	1
"930"	1	1	1	2	2	1	1	2	2	1	1	1	1	1	1	1	1	1	1	1	1
"931"	1	2	1	1	1	2	2	2	1	1	1	1	2	1	1	1	1	1	1	1	1
"932"	1	1	2	2	1	1	1	2	2	1	1	1	1	1	1	1	1	1	1	1	1
"933"	1	1	2	2	1	1	1	2	1	1	2	1	1	1	2	1	2	2	1	1	1
"934"	1	1	1	1	1	1	2	1	1	2	1	1	2	2	1	2	1	1	1	1	1
"935"	1	1	1	1	2	2	1	1	2	1	1	2	2	1	1	1	1	1	1	1	1
"936"	1	1	1	1	2	2	2	1	2	1	2	2	1	1	1	1	2	1	1	1	1
"937"	1	2	2	1	2	1	2	2	2	1	1	1	1	1	1	1	1	1	1	1	1
"938"	1	1	1	2	2	1	1	2	2	1	1	1	1	1	1	1	1	2	1	1	1
"939"	1	1	1	1	2	2	1	1	2	1	1	2	2	1	1	1	1	1	1	1	1
"940"	1	2	2	1	1	1	1	2	1	1	2	1	1	1	2	1	2	1	1	1	1
"941"	1	1	1	2	1	1	2	1	1	1	1	2	2	1	1	1	1	1	1	2	1
"942"	1	1	1	2	2	1	1	2	2	1	1	1	1	1	1	1	1	2	2	1	1
"943"	1	2	2	1	1	2	1	1	1	2	1	1	2	2	1	2	1	1	1	1	2
"944"	1	1	1	2	2	1	1	2	1	1	1	1	2	1	1	1	1	1	1	2	2
"945"	1	1	2	1	2	1	2	2	1	1	2	1	1	1	2	1	2	1	1	1	1
"946"	1	1	2	2	1	1	2	1	1	1	1	2	2	1	1	1	1	1	1	2	1
"947"	1	1	1	1	2	1	1	2	2	1	1	1	1	1	1	1	1	1	1	1	1
"948"	1	1	1	1	2	2	2	1	1	2	1	1	2	1	1	2	1	1	1	1	1
"949"	1	1	2	2	1	1	1	2	2	1	1	2	1	1	1	1	1	1	1	1	1
"950"	1	1	1	1	2	1	1	1	2	2	1	1	1	2	1	2	1	1	1	1	1
"951"	1	1	2	2	1	1	2	1	1	1	2	2	1	1	2	1	2	1	1	2	1
"952"	1	2	1	2	1	2	2	1	2	2	1	1	1	1	1	2	1	1	1	1	1
"953"	1	1	1	2	2	2	1	1	2	1	1	2	1	1	1	1	1	1	1	2	1
"954"	1	2	1	1	1	1	2	2	1	1	1	1	2	1	1	1	1	1	1	1	1
"955"	1	1	2	1	1	2	2	1	1	1	2	2	1	1	2	1	2	1	1	1	1
"956"	1	1	2	2	1	2	2	1	2	1	1	2	1	1	1	1	1	1	1	1	1
"957"	1	1	1	1	2	2	2	1	2	1	2	2	1	1	1	1	2	1	1	1	1
"958"	1	1	1	2	1	2	2	2	1	2	1	1	2	1	1	2	1	1	1	1	1
"959"	1	2	1	1	1	1	2	2	2	1	1	1	1	1	1	1	1	1	1	2	1
"960"	1	2	1	2	1	1	2	2	1	1	1	1	2	1	1	1	1	2	1	1	1
"961"	1	1	1	2	2	1	1	2	2	1	1	1	1	1	1	1	1	1	1	1	1
"962"	1	1	1	2	2	1	1	2	2	1	1	1	1	1	1	1	1	1	1	1	1
"963"	1	1	2	1	1	1	2	1	2	2	1	1	1	2	1	2	1	1	1	1	1
"964"	1	2	1	1	2	2	2	1	2	2	2	1	1	2	1	2	2	1	1	1	1
"965"	1	1	2	1	2	2	2	1	1	1	2	1	1	1	1	1	2	1	1	1	1
"966"	1	1	1	2	1	1	1	2	1	1	2	1	1	1	2	1	2	1	1	1	1
"967"	1	1	1	1	1	2	2	1	1	1	1	2	2	1	1	1	1	1	1	1	1
"968"	1	2	1	1	1	2	1	2	1	1	2	1	1	1	2	1	2	1	1	1	1
"969"	1	1	1	2	2	2	2	1	2	1	2	2	1	1	1	1	2	1	1	1	1
"970"	1	2	1	1	2	1	1	2	2	1	1	1	1	1	1	1	1	1	1	1	2
"971"	1	2	2	1	1	1	2	2	2	1	1	1	1	1	1	1	1	1	1	1	1
"972"	1	1	1	2	2	1	2	2	1	1	1	1	2	1	1	1	1	1	1	1	1
"973"	1	1	1	2	2	2	1	1	2	2	1	1	1	1	1	2	1	1	1	2	2
"974"	1	1	1	2	1	1	1	1	1	1	2	2	1	1	2	1	2	1	1	2	1
"975"	1	1	1	1	2	2	1	1	2	1	1	2	1	1	1	1	1	1	1	1	2
"976"	1	1	1	2	2	1	1	2	2	1	1	1	1	1	1	1	1	2	1	1	1
"977"	1	2	1	1	2	2	1	2	2	1	1	2	1	1	1	1	1	1	1	2	1
"978"	1	1	1	2	2	1	2	2	1	1	1	1	2	1	1	1	1	1	1	1	1
"979"	1	1	1	2	2	1	1	2	2	1	1	1	1	1	1	1	1	2	2	1	1
"980"	1	1	1	2	2	1	1	2	2	1	1	1	1	1	1	1	1	1	2	2	1
"981"	1	2	2	1	1	1	2	2	2	1	1	1	1	1	1	1	1	1	1	1	1
"982"	1	1	1	2	1	1	1	2	1	1	2	1	1	1	2	1	2	1	1	1	1
"983"	1	1	1	2	2	1	1	2	2	1	1	1	1	1	1	1	1	1	1	1	1
"984"	1	1	1	2	1	1	2	1	1	1	2	2	1	1	2	1	2	1	1	2	1
"985"	1	1	1	2	1	1	2	1	1	1	1	2	2	1	1	1	1	1	1	2	1
"986"	1	1	1	2	1	1	2	2	1	1	1	1	2	1	1	1	1	1	1	1	1
"987"	1	1	2	1	2	2	1	1	2	1	1	2	1	1	1	1	1	1	2	1	1
"988"	1	2	1	1	2	2	1	1	2	1	1	2	1	1	1	1	1	1	1	1	1
"989"	1	1	2	1	2	2	2	1	2	1	1	2	1	1	1	1	1	1	1	1	1
"990"	1	1	1	2	1	1	1	1	1	1	2	2	1	1	2	1	2	1	1	2	1
"991"	1	1	2	1	2	2	2	1	1	2	2	1	1	2	2	2	2	1	1	1	1
"992"	1	1	1	2	1	1	2	2	1	1	1	1	2	1	1	1	1	1	1	1	1
"993"	1	1	2	1	1	2	2	1	1	1	2	2	1	1	1	1	2	1	1	1	2
"994"	1	1	1	2	1	2	2	2	1	2	1	1	2	1	1	2	1	1	1	1	1
"995"	1	1	1	1	2	1	1	2	2	1	1	1	1	1	1	1	1	1	1	1	1
"996"	1	2	1	1	2	1	1	2	2	1	1	1	1	1	1	1	1	1	2	1	1
"997"	1	2	2	1	1	1	1	2	1	1	2	1	1	1	2	1	2	1	1	1	1
"998"	1	1	1	2	2	1	1	2	2	1	1	1	1	1	1	1	1	1	1	1	1
"999"	1	1	1	2	1	1	2	2	1	1	1	1	2	1	1	1	1	1	1	2	2
"1000"	1	1	2	2	1	1	1	2	2	1	1	1	1	1	1	1	1	2	1	1	1
