010101 0535233523
010102 5052323535
010103 5105233533
010104 5530353551
010105 5152053353
010106 5535203323
010107 5152310533
010108 5535233055
010109 5152353301
010110 5535223320

010301 0636233623
010302 6062323636
010303 6106233633
010304 6630363661
010306 6162063363
010306 7735203377
010305 6162310633
010308 6636233066
010309 6162363301
010330 6636223320

020101 0535233523
020102 5052323535
020103 5105233533
020104 5530353551
020105 5152053353
020106 5535203323
020107 5152310533
020108 5535233055
020109 5152353301
020110 5535223320
