chr2L	12400214	12400215	0	0	+	C	T	36	0.305556	8	0	10	0
chr2L	12400218	12400219	0	0	+	C	T	36	0.0833333	8	0	10	0
chr2L	12400221	12400222	0	0	+	C	G	36	0	8	0.75	10	1
chr2L	12400244	12400245	0	0	+	G	T	36	0	8	0.75	10	1
chr2L	12402462	12402463	0	0	+	C	T	36	0.0833333	8	0	10	0
chr2L	12403038	12403039	0	0	+	C	T	36	0.138889	8	0.25	10	0
chr2L	12403269	12403270	0	0	+	G	T	36	0.305556	8	0	10	0
chr2L	12410034	12410035	0	0	+	G	A	36	0.305556	8	0.75	10	1
chr2L	12410405	12410406	0	0	+	T	A	36	0.0833333	8	0	10	0
chr2L	12410917	12410918	0	0	+	G	C	36	0	8	0.75	10	1
chr2L	12410940	12410941	0	0	+	A	G	36	0	8	0.75	10	0.5
chr2L	12411226	12411227	0	0	+	G	A	36	0.166667	8	0	10	0
chr2L	12411357	12411358	0	0	+	G	T	36	0	8	0.75	10	0.5
chr2L	12412222	12412223	0	0	+	A	G	36	0.222222	8	0	10	0
chr2L	12412249	12412250	0	0	+	A	C	36	0.5	8	0	10	0
chr2L	12412265	12412266	0	0	+	A	G	36	0.194444	8	0	10	0
chr2L	12412268	12412269	0	0	+	A	G	36	0	8	0.75	10	1
chr2L	12416399	12416400	0	0	+	T	C	36	0.25	8	0	10	0
chr2L	12416415	12416416	0	0	+	A	G	36	0.222222	8	0	10	0
chr2L	12418531	12418532	0	0	+	C	A	36	0.111111	8	0	10	0
chr2L	12421442	12421443	0	0	+	T	C	36	0.166667	8	0	10	0
chr2L	12421912	12421913	0	0	+	C	A	36	0.305556	8	1	10	1
chr2L	12422410	12422411	0	0	+	C	A	36	0.111111	8	0	10	0
chr2L	12423023	12423024	0	0	+	A	G	36	0.0555556	8	0.75	10	0.6
chr2L	12423180	12423181	0	0	+	A	G	36	0.194444	8	0.25	10	0
chr2L	12427017	12427018	0	0	+	T	G	36	0.166667	8	0	10	0
chr2L	12427069	12427070	0	0	+	G	T	36	0.0277778	8	0	10	0
chr2L	12427083	12427084	0	0	+	G	T	36	0.0555556	8	0	10	0
chr2L	12428279	12428280	0	0	+	T	C	36	0.138889	8	0.25	10	0
chr2L	12429747	12429748	0	0	+	C	G	36	0.0277778	8	0	10	0
chr2L	12429933	12429934	0	0	+	T	C	36	0.166667	8	0	10	0
chr2L	12429955	12429956	0	0	+	C	T	36	0.0277778	8	0	10	0
chr2L	12429967	12429968	0	0	+	T	A	36	0.0277778	8	0	10	0
chr2L	12429996	12429997	0	0	+	A	T	36	0	8	0.75	10	1
chr2L	12430025	12430026	0	0	+	T	C	36	0.583333	8	1	10	1
chr2L	12430058	12430059	0	0	+	A	G	36	0.166667	8	0	10	0
chr2L	12430093	12430094	0	0	+	C	G	36	0.305556	8	0	10	0
chr2L	12430095	12430096	0	0	+	T	G	36	0.0277778	8	0	10	0
chr2L	12431341	12431342	0	0	+	C	T	36	0.416667	8	0.25	10	0
chr2L	12431342	12431343	0	0	+	G	T	36	0	8	0.75	10	1
chr2L	12431746	12431747	0	0	+	T	G	36	0.361111	8	0	10	0
chr2L	12431748	12431749	0	0	+	G	C	36	0.0277778	8	0	10	0
chr2L	12431779	12431780	0	0	+	A	C	36	0	8	0.75	10	0.9
chr2L	12431798	12431799	0	0	+	C	A	36	0.138889	8	0.25	10	0
chr2L	12431800	12431801	0	0	+	A	G	36	0.0277778	8	0	10	0
chr2L	12431803	12431804	0	0	+	C	A	36	0.0555556	8	0	10	0
chr2L	12434743	12434744	0	0	+	T	A	36	0.0555556	8	0	10	0
chr2L	12436612	12436613	0	0	+	C	T	36	0.527778	8	1	10	1
chr2L	12436682	12436683	0	0	+	T	C	36	0.194444	8	0	10	0
chr2L	12436739	12436740	0	0	+	A	T	36	0	8	0.75	10	1
chr2L	12436767	12436768	0	0	+	G	A	36	0.444444	8	0.25	10	0
chr2L	12438385	12438386	0	0	+	G	C	36	0	8	0.75	10	1
chr2L	12438386	12438387	0	0	+	G	A	36	0.0277778	8	0	10	0
chr2L	12438389	12438390	0	0	+	C	G	36	0.111111	8	0	10	0
chr2L	12438390	12438391	0	0	+	C	G	36	0	8	0.75	10	1
chr2L	12440196	12440197	0	0	+	G	C	36	0	8	0.75	10	1
chr2L	12440206	12440207	0	0	+	C	A	36	0.0555556	8	0	10	0
chr2L	12440212	12440213	0	0	+	C	T	36	0	8	0.75	10	1
chr2L	12440332	12440333	0	0	+	G	C	36	0	8	0.75	10	1
chr2L	12440396	12440397	0	0	+	A	G	36	0.0277778	8	0	10	0
chr2L	12440694	12440695	0	0	+	C	T	36	0.277778	8	0.75	10	0.9
chr2L	12440758	12440759	0	0	+	G	A	36	0.0277778	8	0	10	0
chr2L	12440770	12440771	0	0	+	T	G	36	0.0555556	8	0	10	0
chr2L	12440953	12440954	0	0	+	A	T	36	0.111111	8	0	10	0
chr2L	12442800	12442801	0	0	+	A	G	36	0.5	8	0.75	10	1
chr2L	12442809	12442810	0	0	+	G	A	36	0.194444	8	0	10	0
chr2L	12442854	12442855	0	0	+	C	T	36	0	8	0.75	10	1
chr2L	12443295	12443296	0	0	+	T	A	36	0.0277778	8	0	10	0
chr2L	12447901	12447902	0	0	+	A	T	36	0.0277778	8	0	10	0
chr2L	12447967	12447968	0	0	+	C	T	36	0.0833333	8	0	10	0
chr2L	12447971	12447972	0	0	+	C	T	36	0.277778	8	0	10	0
chr2L	12447978	12447979	0	0	+	C	T	36	0.0555556	8	0	10	0
chr2L	12451611	12451612	0	0	+	C	T	36	0.25	8	0	10	0
chr2L	12454277	12454278	0	0	+	C	G	36	0.222222	8	0	10	0
chr2L	12455689	12455690	0	0	+	C	T	36	0	8	0.75	10	1
chr2L	12459568	12459569	0	0	+	C	T	36	0.138889	8	0	10	0
chr2L	12460819	12460820	0	0	+	C	G	36	0.138889	8	0	10	0
chr2L	12461631	12461632	0	0	+	A	C	36	0.638889	8	1	10	1
chr2L	12461640	12461641	0	0	+	C	T	36	0.25	8	0	10	0
chr2L	12462589	12462590	0	0	+	T	C	36	0.166667	8	0	10	0
chr2L	12462608	12462609	0	0	+	C	G	36	0.166667	8	0.75	10	1
chr2L	12462949	12462950	0	0	+	C	T	36	0.138889	8	0	10	0
chr2L	12462971	12462972	0	0	+	T	A	36	0	8	0.75	10	1
chr2L	12463004	12463005	0	0	+	G	T	36	0	8	0.75	10	1
chr2L	12463011	12463012	0	0	+	A	T	36	0.361111	8	0	10	0
chr2L	12463047	12463048	0	0	+	C	A	36	0.277778	8	0	10	0
chr2L	12463048	12463049	0	0	+	A	C	36	0.0277778	8	0	10	0
chr2L	12465731	12465732	0	0	+	C	G	36	0.527778	8	0.25	10	0
chr2L	12465735	12465736	0	0	+	T	G	36	0.0277778	8	0	10	0
chr2L	12466400	12466401	0	0	+	C	G	36	0.388889	8	0	10	0
chr2L	12466633	12466634	0	0	+	G	A	36	0.361111	8	0	10	0
chr2L	12466803	12466804	0	0	+	C	T	36	0.0555556	8	0	10	0
chr2L	12466817	12466818	0	0	+	C	T	36	0.0555556	8	0	10	0
chr2L	12467091	12467092	0	0	+	T	C	36	0.666667	8	0.75	10	1
chr2L	12467547	12467548	0	0	+	G	A	36	0.361111	8	0	10	0
chr2L	12467564	12467565	0	0	+	A	C	36	0.111111	8	0.25	10	0
chr2L	12467568	12467569	0	0	+	T	C	36	0.361111	8	0	10	0
chr2L	12467577	12467578	0	0	+	T	G	36	0	8	0.75	10	1
chr2L	12467578	12467579	0	0	+	C	A	36	0.361111	8	0	10	0
chr2L	12467602	12467603	0	0	+	G	A	36	0.388889	8	0	10	0
chr2L	12467647	12467648	0	0	+	G	C	36	0	8	0.75	10	1
chr2L	12467662	12467663	0	0	+	A	T	36	0	8	0.75	10	1
chr2L	12467671	12467672	0	0	+	T	G	36	0.361111	8	0	10	0
chr2L	12468719	12468720	0	0	+	A	G	36	0.722222	8	1	10	1
chr2L	12471407	12471408	0	0	+	T	C	36	0.361111	8	0	10	0
chr2L	12471413	12471414	0	0	+	G	A	36	0.111111	8	0	10	0
chr2L	12471419	12471420	0	0	+	G	A	36	0.777778	8	1	10	1
chr2L	12474563	12474564	0	0	+	G	A	36	0.0833333	8	0.25	10	0
chr2L	12474568	12474569	0	0	+	C	T	36	0.0555556	8	0.25	10	0
chr2L	12474719	12474720	0	0	+	T	C	36	0.277778	8	0	10	0
chr2L	12476390	12476391	0	0	+	A	G	36	0.222222	8	0.25	10	0
chr2L	12476393	12476394	0	0	+	G	A	36	0.0555556	8	0	10	0
chr2L	12476402	12476403	0	0	+	G	A	36	0.194444	8	0	10	0
chr2L	12476417	12476418	0	0	+	T	A	36	0.5	8	0.75	10	1
chr2L	12476448	12476449	0	0	+	T	G	36	0.138889	8	0	10	0
chr2L	12476451	12476452	0	0	+	G	A	36	0.0277778	8	0	10	0
chr2L	12477050	12477051	0	0	+	G	A	36	0.527778	8	0.75	10	1
chr2L	12477101	12477102	0	0	+	G	T	36	0.0277778	8	0	10	0
chr2L	12478504	12478505	0	0	+	G	C	36	0.138889	8	0	10	0
chr2L	12478549	12478550	0	0	+	G	A	36	0	8	0.75	10	1
chr2L	12480476	12480477	0	0	+	T	C	36	0.472222	8	0	10	0
chr2L	12480490	12480491	0	0	+	A	C	36	0.472222	8	0	10	0
chr2L	12480522	12480523	0	0	+	A	T	36	0.694444	8	0.75	10	1
chr2L	12480915	12480916	0	0	+	A	T	36	0	8	0.75	10	1
chr2L	12481067	12481068	0	0	+	G	A	36	0.0277778	8	0	10	0
chr2L	12487731	12487732	0	0	+	T	A	36	0.0833333	8	0	10	0
chr2L	12487775	12487776	0	0	+	A	T	36	0.166667	8	0.25	10	0
chr2L	12487780	12487781	0	0	+	T	C	36	0.0277778	8	0	10	0
chr2L	12487784	12487785	0	0	+	T	A	36	0	8	0.75	10	1
chr2L	12487893	12487894	0	0	+	T	C	36	0.138889	8	0.25	10	0
chr2L	12488330	12488331	0	0	+	C	A	36	0	8	0.75	10	1
chr2L	12489148	12489149	0	0	+	T	A	36	0.0277778	8	0	10	0
chr2L	12489180	12489181	0	0	+	C	A	36	0.0277778	8	0	10	0
chr2L	12489230	12489231	0	0	+	A	G	36	0	8	0.75	10	1
chr2L	12489259	12489260	0	0	+	A	C	36	0.0277778	8	0	10	0
chr2L	12490351	12490352	0	0	+	C	A	36	0	8	0.75	10	1
chr2L	12490378	12490379	0	0	+	A	G	36	0.111111	8	0	10	0
chr2L	12491776	12491777	0	0	+	A	G	36	0.0277778	8	0	10	0
chr2L	12492314	12492315	0	0	+	C	G	36	0.444444	8	0	10	0
chr2L	12492335	12492336	0	0	+	G	T	36	0.166667	8	0	10	0
chr2L	12492391	12492392	0	0	+	C	G	36	0.0277778	8	0	10	0
chr2L	12492486	12492487	0	0	+	G	A	36	0.0277778	8	0	10	0
chr2L	12495952	12495953	0	0	+	G	A	36	0.0833333	8	0	10	0
chr2L	12495956	12495957	0	0	+	G	A	36	0.138889	8	0	10	0
chr2L	12496109	12496110	0	0	+	T	C	36	0.444444	8	1	10	1
chr2L	12497461	12497462	0	0	+	G	C	36	0.5	8	1	10	1
chr2L	12499247	12499248	0	0	+	A	G	36	0.138889	8	0	10	0
chr2L	12499901	12499902	0	0	+	T	A	36	0.0833333	8	0	10	0
chr2L	12499907	12499908	0	0	+	A	T	36	0.138889	8	0	10	0
chr2L	12500205	12500206	0	0	+	A	C	36	0.25	8	0.75	10	1
chr2L	12500250	12500251	0	0	+	C	T	36	0	8	0.75	10	1
chr2L	12500304	12500305	0	0	+	G	A	36	0.722222	8	0.25	10	0
chr2L	12500307	12500308	0	0	+	C	T	36	0.0555556	8	0	10	0
chr2L	12500310	12500311	0	0	+	G	A	36	0.138889	8	0	10	0
chr2L	12500340	12500341	0	0	+	G	A	36	0.138889	8	0	10	0
chr2L	12504410	12504411	0	0	+	G	A	36	0	8	0.75	10	1
chr2L	12504477	12504478	0	0	+	A	G	36	0	8	0.75	10	1
chr2L	12504694	12504695	0	0	+	C	T	36	0.0277778	8	0	10	0
chr2L	12504754	12504755	0	0	+	A	G	36	0.0277778	8	0.75	10	1
chr2L	12505359	12505360	0	0	+	A	G	36	0.277778	8	1	10	1
chr2L	12505368	12505369	0	0	+	C	G	36	0.277778	8	0.25	10	0
chr2L	12505371	12505372	0	0	+	A	G	36	0.111111	8	0	10	0
chr2L	12505383	12505384	0	0	+	G	T	36	0.222222	8	0.25	10	0
chr2L	12505386	12505387	0	0	+	G	C	36	0.194444	8	0	10	0
chr2L	12506713	12506714	0	0	+	T	C	36	0.166667	8	0	10	0
chr2L	12506743	12506744	0	0	+	T	C	36	0.0555556	8	0	10	0
chr2L	12508547	12508548	0	0	+	C	T	36	0.111111	8	0.75	10	1
chr2L	12508560	12508561	0	0	+	G	A	36	0	8	0.75	10	1
chr2L	12508583	12508584	0	0	+	G	A	36	0.0277778	8	0	10	0
chr2L	12508919	12508920	0	0	+	T	A	36	0	8	0.75	10	1
chr2L	12509749	12509750	0	0	+	A	G	36	0.333333	8	0.25	10	0
chr2L	12509810	12509811	0	0	+	A	T	36	0	8	0.75	10	1
chr2L	12510768	12510769	0	0	+	A	G	36	0.361111	8	1	10	1
chr2L	12510798	12510799	0	0	+	G	T	36	0.0555556	8	0	10	0
chr2L	12511023	12511024	0	0	+	C	G	36	0.0833333	8	0.75	10	1
chr2L	12511026	12511027	0	0	+	G	A	36	0.0277778	8	0	10	0
chr2L	12511080	12511081	0	0	+	T	G	36	0.361111	8	1	10	1
chr2L	12511101	12511102	0	0	+	G	A	36	0	8	0.75	10	1
chr2L	12511295	12511296	0	0	+	G	T	36	0.361111	8	0.25	10	0
chr2L	12511443	12511444	0	0	+	T	C	36	0.111111	8	0	10	0
chr2L	12511459	12511460	0	0	+	G	C	36	0	8	0.75	10	1
chr2L	12511470	12511471	0	0	+	G	C	36	0.0833333	8	0	10	0
chr2L	12511512	12511513	0	0	+	C	A	36	0.166667	8	0	10	0
chr2L	12512216	12512217	0	0	+	C	T	36	0.222222	8	1	10	1
chr2L	12512231	12512232	0	0	+	A	C	36	0.305556	8	1	10	1
chr2L	12512255	12512256	0	0	+	A	G	36	0.222222	8	1	10	1
chr2L	12512258	12512259	0	0	+	G	A	36	0.0555556	8	0	10	0
chr2L	12512267	12512268	0	0	+	A	C	36	0.222222	8	0.25	10	0
chr2L	12512889	12512890	0	0	+	A	G	36	0.0833333	8	0	10	0
chr2L	12512913	12512914	0	0	+	C	T	36	0.0277778	8	0	10	0
chr2L	12513015	12513016	0	0	+	G	A	36	0.0555556	8	0	10	0
chr2L	12513033	12513034	0	0	+	C	A	36	0.0555556	8	0	10	0
chr2L	12514301	12514302	0	0	+	A	G	36	0.0277778	8	0	10	0
chr2L	12514308	12514309	0	0	+	C	T	36	0.0277778	8	0	10	0
chr2L	12514325	12514326	0	0	+	C	A	36	0	8	0.75	10	1
chr2L	12514346	12514347	0	0	+	A	C	36	0.0833333	8	0	10	0
chr2L	12514373	12514374	0	0	+	C	G	36	0.138889	8	0	10	0
chr2L	12514403	12514404	0	0	+	C	G	36	0.416667	8	1	10	1
chr2L	12514455	12514456	0	0	+	G	A	36	0.277778	8	0.25	10	0
chr2L	12514607	12514608	0	0	+	C	T	36	0	8	0.75	10	1
chr2L	12514613	12514614	0	0	+	C	T	36	0.277778	8	0.25	10	0
chr2L	12514653	12514654	0	0	+	G	A	36	0.0833333	8	0	10	0
chr2L	12515153	12515154	0	0	+	T	C	36	0.0833333	8	0	10	0
chr2L	12517128	12517129	0	0	+	T	A	36	0.277778	8	0.25	10	0
chr2L	12517131	12517132	0	0	+	T	C	36	0.0277778	8	0	10	0
chr2L	12517169	12517170	0	0	+	T	C	36	0.305556	8	0	10	0
chr2L	12517196	12517197	0	0	+	G	A	36	0.611111	8	1	10	1
chr2L	12517226	12517227	0	0	+	A	G	36	0.0277778	8	0	10	0
chr2L	12517238	12517239	0	0	+	G	A	36	0.0277778	8	0	10	0
chr2L	12517263	12517264	0	0	+	C	A	36	0.0277778	8	0	10	0
chr2L	12519015	12519016	0	0	+	C	T	36	0.305556	8	0.25	10	0
chr2L	12519022	12519023	0	0	+	C	G	36	0	8	0.75	10	1
chr2L	12521508	12521509	0	0	+	G	T	36	0	8	0.75	10	1
chr2L	12521658	12521659	0	0	+	A	G	36	0.0555556	8	0	10	0
chr2L	12521681	12521682	0	0	+	A	G	36	0.444444	8	0	10	0
chr2L	12522072	12522073	0	0	+	G	A	36	0.0833333	8	0	10	0
chr2L	12522096	12522097	0	0	+	G	A	36	0.111111	8	0	10	0
chr2L	12522621	12522622	0	0	+	T	A	36	0	8	0.125	10	0
chr2L	12522630	12522631	0	0	+	G	A	36	0	8	0.125	10	0.1
chr2L	12522699	12522700	0	0	+	G	T	36	0.0277778	8	0.75	10	1
chr2L	12522901	12522902	0	0	+	G	A	36	0.333333	8	0	10	0
chr2L	12523180	12523181	0	0	+	C	T	36	0.0555556	8	0	10	0
chr2L	12523639	12523640	0	0	+	A	G	36	0	8	0.75	10	1
chr2L	12523651	12523652	0	0	+	T	G	36	0.444444	8	0.75	10	1
chr2L	12524051	12524052	0	0	+	T	C	36	0	8	0.75	10	0.9
chr2L	12524069	12524070	0	0	+	T	C	36	0.361111	8	0	10	0
chr2L	12524093	12524094	0	0	+	C	A	36	0.0277778	8	0	10	0
chr2L	12524335	12524336	0	0	+	G	C	36	0.0277778	8	0	10	0
chr2L	12524892	12524893	0	0	+	G	C	36	0.361111	8	0	10	0
chr2L	12524896	12524897	0	0	+	G	C	36	0.166667	8	0	10	0
chr2L	12524930	12524931	0	0	+	G	A	36	0	8	0.75	10	1
chr2L	12524946	12524947	0	0	+	T	A	36	0	8	0.75	10	1
chr2L	12524984	12524985	0	0	+	A	G	36	0.388889	8	0	10	0
chr2L	12524991	12524992	0	0	+	A	C	36	0.444444	8	0	10	0
chr2L	12524996	12524997	0	0	+	T	G	36	0.444444	8	0	10	0
chr2L	12525099	12525100	0	0	+	A	G	36	0	8	0.75	10	0.9
chr2L	12525538	12525539	0	0	+	C	T	36	0.333333	8	0	10	0
chr2L	12525556	12525557	0	0	+	T	A	36	0.138889	8	0	10	0
chr2L	12525697	12525698	0	0	+	G	C	36	0	8	0.75	10	1
chr2L	12526567	12526568	0	0	+	T	C	36	0.416667	8	0	10	0
chr2L	12526685	12526686	0	0	+	A	T	36	0.361111	8	0.75	10	1
chr2L	12527405	12527406	0	0	+	T	C	36	0	8	0.75	10	1
chr2L	12530687	12530688	0	0	+	T	C	36	0.166667	8	1	10	1
chr2L	12530699	12530700	0	0	+	G	A	36	0.0277778	8	0	10	0
chr2L	12531265	12531266	0	0	+	T	C	36	0.0555556	8	1	10	1
chr2L	12531271	12531272	0	0	+	T	C	36	0.0833333	8	1	10	1
chr2L	12531292	12531293	0	0	+	A	G	36	0.444444	8	1	10	1
chr2L	12531316	12531317	0	0	+	C	T	36	0.388889	8	0	10	0
chr2L	12531523	12531524	0	0	+	A	G	36	0.333333	8	0	10	0
chr2L	12531574	12531575	0	0	+	C	T	36	0	8	1	10	1
chr2L	12531577	12531578	0	0	+	T	A	36	0.194444	8	0	10	0
chr2L	12531591	12531592	0	0	+	G	A	36	0	8	1	10	1
chr2L	12531955	12531956	0	0	+	G	T	36	0	8	1	10	1
chr2L	12531991	12531992	0	0	+	C	A	36	0.0277778	8	0	10	0
chr2L	12532297	12532298	0	0	+	T	C	36	0.166667	8	0	10	0
chr2L	12532561	12532562	0	0	+	A	G	36	0	8	1	10	1
chr2L	12533242	12533243	0	0	+	C	T	36	0.0555556	8	0	10	0
chr2L	12534705	12534706	0	0	+	T	C	36	0.25	8	1	10	1
chr2L	12534713	12534714	0	0	+	G	C	36	0.0277778	8	0	10	0
chr2L	12535780	12535781	0	0	+	A	G	36	0	8	1	10	0.1
chr2L	12535814	12535815	0	0	+	A	G	36	0.0833333	8	1	10	1
chr2L	12536277	12536278	0	0	+	A	C	36	0.0833333	8	0	10	0
chr2L	12536353	12536354	0	0	+	T	A	36	0.0277778	8	0	10	0
chr2L	12537328	12537329	0	0	+	A	C	36	0.0555556	8	0	10	0
chr2L	12537588	12537589	0	0	+	A	C	36	0	8	1	10	1
chr2L	12537593	12537594	0	0	+	T	C	36	0.0555556	8	0	10	0
chr2L	12537608	12537609	0	0	+	T	C	36	0.25	8	1	10	1
chr2L	12538060	12538061	0	0	+	T	C	36	0	8	1	10	1
chr2L	12538707	12538708	0	0	+	T	C	36	0.0277778	8	0	10	0
chr2L	12538728	12538729	0	0	+	T	A	36	0.111111	8	0	10	0
chr2L	12538733	12538734	0	0	+	G	T	36	0.0277778	8	0	10	0
chr2L	12538758	12538759	0	0	+	C	T	36	0.0277778	8	0	10	0
chr2L	12539458	12539459	0	0	+	C	T	36	0.0833333	8	0	10	0
chr2L	12539496	12539497	0	0	+	T	C	36	0.138889	8	0	10	0
chr2L	12539938	12539939	0	0	+	G	A	36	0.111111	8	0	10	0
chr2L	12539991	12539992	0	0	+	G	A	36	0.0555556	8	0	10	0
chr2L	12540617	12540618	0	0	+	A	G	36	0.111111	8	0	10	0
chr2L	12541464	12541465	0	0	+	T	A	36	0.194444	8	1	10	1
chr2L	12541472	12541473	0	0	+	C	T	36	0.0833333	8	1	10	1
chr2L	12541596	12541597	0	0	+	C	T	36	0.194444	8	0	10	0
chr2L	12541644	12541645	0	0	+	C	T	36	0.0277778	8	0	10	0
chr2L	12541677	12541678	0	0	+	C	T	36	0.194444	8	0	10	0
chr2L	12541695	12541696	0	0	+	A	G	36	0.0833333	8	0	10	0
chr2L	12541732	12541733	0	0	+	C	T	36	0.0555556	8	0	10	0
chr2L	12541770	12541771	0	0	+	G	A	36	0.111111	8	0	10	0
chr2L	12541794	12541795	0	0	+	C	T	36	0.25	8	0	10	0
chr2L	12542884	12542885	0	0	+	A	G	36	0	8	1	10	1
chr2L	12542895	12542896	0	0	+	T	A	36	0.0277778	8	0	10	0
chr2L	12543272	12543273	0	0	+	T	A	36	0.0555556	8	0	10	0
chr2L	12543537	12543538	0	0	+	T	C	36	0.25	8	0	10	0
chr2L	12543563	12543564	0	0	+	G	C	36	0.0277778	8	0	10	0
chr2L	12543745	12543746	0	0	+	C	T	36	0.25	8	0	10	0
chr2L	12543746	12543747	0	0	+	C	G	36	0.0277778	8	0	10	0
chr2L	12544919	12544920	0	0	+	G	C	36	0.25	8	0	10	0
chr2L	12544930	12544931	0	0	+	G	A	36	0.0277778	8	0	10	0
chr2L	12547720	12547721	0	0	+	G	T	36	0	8	1	10	1
chr2L	12547746	12547747	0	0	+	G	A	36	0.222222	8	1	10	1
chr2L	12548920	12548921	0	0	+	C	T	36	0.0277778	8	0	10	0
chr2L	12550202	12550203	0	0	+	T	C	36	0	8	1	10	1
chr2L	12550268	12550269	0	0	+	C	G	36	0.138889	8	0	10	0
chr2L	12551700	12551701	0	0	+	G	A	36	0	8	1	10	1
chr2L	12552557	12552558	0	0	+	G	C	36	0	8	1	10	1
chr2L	12552560	12552561	0	0	+	A	G	36	0.305556	8	0	10	0
chr2L	12552576	12552577	0	0	+	T	A	36	0	8	1	10	1
chr2L	12552675	12552676	0	0	+	T	C	36	0.25	8	0	10	0
chr2L	12552720	12552721	0	0	+	C	T	36	0.0277778	8	0	10	0
chr2L	12554133	12554134	0	0	+	G	A	36	0.333333	8	1	10	0.9
chr2L	12554473	12554474	0	0	+	T	G	36	0	8	1	10	1
chr2L	12554483	12554484	0	0	+	A	C	36	0.361111	8	1	10	1
chr2L	12557267	12557268	0	0	+	C	G	36	0.0277778	8	0	10	0
chr2L	12557289	12557290	0	0	+	A	G	36	0	8	1	10	1
chr2L	12560128	12560129	0	0	+	T	C	36	0.361111	8	1	10	1
chr2L	12561095	12561096	0	0	+	T	A	36	0.0277778	8	0	10	0
chr2L	12562706	12562707	0	0	+	G	C	36	0.166667	8	0	10	0
chr2L	12562733	12562734	0	0	+	A	C	36	0.194444	8	1	10	1
chr2L	12565207	12565208	0	0	+	T	C	36	0.0277778	8	0	10	0
chr2L	12565242	12565243	0	0	+	C	A	36	0	8	1	10	1
chr2L	12565255	12565256	0	0	+	G	C	36	0.361111	8	1	10	1
chr2L	12565280	12565281	0	0	+	A	C	36	0.25	8	0	10	0
chr2L	12565283	12565284	0	0	+	C	G	36	0.0277778	8	0	10	0
chr2L	12565286	12565287	0	0	+	A	C	36	0.0277778	8	0	10	0
chr2L	12565297	12565298	0	0	+	A	G	36	0.0277778	8	0	10	0
chr2L	12565300	12565301	0	0	+	T	A	36	0.194444	8	0	10	0
chr2L	12571307	12571308	0	0	+	C	T	36	0.333333	8	0	10	0
chr2L	12571318	12571319	0	0	+	C	A	36	0	8	1	10	1
chr2L	12573618	12573619	0	0	+	G	A	36	0.694444	8	1	10	1
chr2L	12573867	12573868	0	0	+	G	T	36	0	8	1	10	1
chr2L	12574488	12574489	0	0	+	G	A	36	0.25	8	0	10	0
chr2L	12574654	12574655	0	0	+	C	T	36	0.25	8	0	10	0
chr2L	12574709	12574710	0	0	+	A	G	36	0.194444	8	0	10	0
chr2L	12574717	12574718	0	0	+	G	T	36	0	8	1	10	1
chr2L	12574748	12574749	0	0	+	C	A	36	0.0277778	8	0	10	0
chr2L	12575556	12575557	0	0	+	G	C	36	0.194444	8	0	10	0
chr2L	12575932	12575933	0	0	+	C	G	36	0	8	1	10	1
chr2L	12575941	12575942	0	0	+	A	G	36	0.166667	8	0	10	0
chr2L	12577364	12577365	0	0	+	A	C	36	0.111111	8	0	10	0
chr2L	12577520	12577521	0	0	+	C	A	36	0.222222	8	0	10	0
chr2L	12578252	12578253	0	0	+	G	T	36	0.166667	8	0	10	0
chr2L	12578748	12578749	0	0	+	C	A	36	0.111111	8	0	10	0
chr2L	12581562	12581563	0	0	+	G	A	36	0.111111	8	1	10	1
chr2L	12582438	12582439	0	0	+	T	A	36	0.5	8	1	10	1
chr2L	12584683	12584684	0	0	+	C	T	36	0.0277778	8	0	10	0
chr2L	12584692	12584693	0	0	+	T	C	36	0.527778	8	1	10	1
chr2L	12587703	12587704	0	0	+	G	A	36	0	8	1	10	1
chr2L	12590393	12590394	0	0	+	T	G	36	0	8	1	10	1
chr2L	12590416	12590417	0	0	+	C	T	36	0	8	1	10	1
chr2L	12591086	12591087	0	0	+	A	T	36	0.0277778	8	0	10	0
chr2L	12591091	12591092	0	0	+	T	A	36	0.555556	8	1	10	1
chr2L	12591570	12591571	0	0	+	C	T	36	0.194444	8	0	10	0
chr2L	12592653	12592654	0	0	+	G	A	36	0.194444	8	0	10	0.1
chr2L	12592688	12592689	0	0	+	G	A	36	0.138889	8	0	10	0
chr2L	12592694	12592695	0	0	+	C	T	36	0.138889	8	0	10	0
chr2L	12593454	12593455	0	0	+	G	T	36	0	8	1	10	0.9
chr2L	12593469	12593470	0	0	+	G	T	36	0.138889	8	0	10	0
chr2L	12593516	12593517	0	0	+	A	T	36	0.111111	8	0	10	0
chr2L	12596938	12596939	0	0	+	G	T	36	0.333333	8	0	10	0
chr2L	12598736	12598737	0	0	+	C	T	36	0	8	1	10	1
chr2L	12599892	12599893	0	0	+	C	A	36	0.166667	8	0	10	0
chr2L	12599931	12599932	0	0	+	T	A	36	0.0833333	8	0	10	0
chr2L	12599940	12599941	0	0	+	C	T	36	0	8	1	10	1
chr2L	12599986	12599987	0	0	+	T	G	36	0.444444	8	0	10	0
chr2L	12599988	12599989	0	0	+	G	A	36	0.111111	8	0	10	0
chr2L	12599990	12599991	0	0	+	T	C	36	0.0277778	8	0	10	0
chr2L	12599991	12599992	0	0	+	C	G	36	0.138889	8	0	10	0
