startX	startY	startZ	endX	endY	endZ	cyl_ID	parent_ID	extension_ID	radius_cyl	length	volume	branching_order
0.0398	0.0128	0.0034	-0.01556804	0.01918862	1.52343523	1	-1	1	0.07	1.5211	0.0234155152683396	0
-0.0169	0.0213	1.5233	-0.02142234	0.02484756	1.68300412	2	0	2	0.0643	0.1598	0.00207562356897241	0
-0.0236	0.0269	1.683	-0.02396114	0.03415058	1.96071666	3	1	3	0.0639	0.2778	0.00356355798935208	0
-0.0261	0.0329	1.9608	-0.0201878	0.0379799	2.2476852	4	2	4	0.0631	0.287	0.00358996726020692	0
-0.0197	0.0398	2.2476	-0.01679944	0.04590791	2.52641633	5	3	5	0.0619	0.2789	0.00335721909806777	0
-0.0156	0.0477	2.5265	-0.01953519	0.04935974	2.79417323	6	4	6	0.0606	0.2677	0.00308847074712712	0
-0.0179	0.0489	2.7942	-0.02941696	0.0481356	3.0487452	7	5	7	0.0604	0.2548	0.00292027112052461	0
-0.0284	0.0463	3.0488	-0.04422548	0.05056556	3.30066996	8	6	8	0.0599	0.2524	0.0028450694223085	0
-0.0466	0.0507	3.3006	-0.05600608	0.05833968	3.5210688	9	7	9	0.0595	0.2208	0.00245574276492517	0
-0.0568	0.059	3.5211	-0.05803281	0.06797371	3.80765665	10	8	10	0.0575	0.2867	0.00297792156682399	0
-0.057	0.0665	3.8078	-0.06175052	0.07864956	4.01760062	11	9	11	0.0566	0.2102	0.00211551177399243	0
-0.0615	0.0791	4.0176	-0.07069172	0.09523013	4.23991915	12	10	12	0.0555	0.2231	0.00215891433105917	0
-0.0704	0.0961	4.2399	-0.08099864	0.10969488	4.4628292	13	11	13	0.0543	0.2236	0.00207119663138371	0
-0.0814	0.1104	4.4628	-0.093937	0.124323	4.777233	14	12	14	0.0523	0.315	0.00270684759537285	0
-0.0948	0.1219	4.7774	-0.1034268	0.1383794	4.9978258	15	13	15	0.0512	0.2212	0.00182169185805681	0
-0.1027	0.1405	4.9976	-0.11052649	0.15199582	5.20925459	16	14	16	0.0499	0.2121	0.00165917284986574	0
-0.1104	0.1543	5.2093	-0.1197835	0.1556405	5.4005702	17	15	17	0.0505	0.1915	0.00153426863631253	0
-0.1199	0.1554	5.4006	-0.13063511	0.15882021	5.59798368	18	16	18	0.0483	0.1977	0.00144894133992966	0
-0.1315	0.1582	5.5979	-0.14053388	0.16788044	5.77701508	19	17	19	0.0484	0.1796	0.00132174272387216	0
-0.1399	0.1668	5.7772	-0.1484951	0.1781183	5.9468043	20	18	20	0.0489	0.1702	0.00127857776231621	0
-0.1489	0.1795	5.9467	-0.1567002	0.18896908	6.12768278	21	19	21	0.047	0.1814	0.00125887576036087	0
-0.1563	0.1881	6.1278	-0.16350038	0.20898964	6.4115462	22	20	22	0.046	0.2846	0.00189190982165186	0
-0.1623	0.2089	6.4116	-0.16975749	0.22111759	6.58731821	23	21	23	0.0445	0.1763	0.00109678677965541	0
-0.17	0.2227	6.5872	-0.1753956	0.2333267	6.7512723	24	22	24	0.0432	0.1645	0.000964457886245926	0
-0.1776	0.2362	6.7512	-0.17898753	0.23943757	6.92246574	25	23	25	0.0444	0.1713	0.00106089688903039	0
-0.1777	0.2369	6.9225	-0.17811976	0.24126084	7.15565336	26	24	26	0.0437	0.2332	0.00139907595500462	0
-0.1791	0.2405	7.1557	-0.1866183	0.24646188	7.28725706	27	25	27	0.0412	0.1319	0.000703378517972658	0
-0.1841	0.2464	7.2874	-0.1908512	0.25420912	7.42621024	28	26	28	0.0436	0.1392	0.000831308242330913	0
-0.1865	0.2498	7.4269	-0.19832711	0.26504483	7.57555583	29	27	29	0.0465	0.1499	0.00101825701641216	0
-0.2002	0.2243	7.608	-0.2105638	0.31781452	7.7250809	30	28	30	0.0648	0.1502	0.00198138931706268	0
-0.2541	0.3493	7.7338	-0.14546677	0.33891725	8.31695457	31	29	31	0.0678	0.5933	0.00856808189245265	0
-0.1947	0.3422	8.3075	-0.31065144	0.16474338	8.8458873	32	30	32	0.0693	0.5786	0.00872960858148018	0
-0.2967	0.1863	8.8697	-0.4448556	0.04333656	9.08571176	33	31	33	0.0678	0.2984	0.00430931339408035	0
-0.4365	-0.0544	9.0815	-0.45148739	-0.06374553	9.27259402	34	32	34	0.0629	0.1919	0.00238520734653407	0
-0.5556	-0.0078	9.2809	-0.48284155	0.06018587	9.73808509	35	33	35	0.0633	0.4679	0.00588993277424467	0
-0.5158	0.0602	9.7508	-0.47205524	0.09133759	9.86335422	36	34	36	0.0617	0.1247	0.00149137429783095	0
-0.4203	0.1035	9.8841	-0.43449385	0.30362245	9.80220907	37	35	0	0.055	0.2167	0.00205936896229955	0
-0.2637	0.2578	7.6995	-0.43311392	0.14179008	7.70512796	38	29	38	0.0306	0.2054	0.00060421731258749	1
-0.4331	0.1418	7.7052	-0.54431998	0.06606058	7.70864576	39	37	39	0.0306	0.1346	0.000395947664431725	1
-0.5693	0.0754	7.6999	-0.61805741	-0.0189254	7.73885164	40	38	40	0.0289	0.1131	0.000296761913783155	1
-0.6205	-0.0166	7.7482	-0.6596677	-0.1520782	7.7718808	41	39	41	0.0237	0.143	0.000252337968396064	1
-0.6578	-0.1526	7.7733	-0.70388372	-0.28013086	7.77838875	42	40	42	0.0237	0.1357	0.000239456379799621	1
-0.7157	-0.2774	7.7695	-0.7739582	-0.4717298	7.78775152	43	41	43	0.0249	0.2037	0.000396770702016705	1
-0.7806	-0.4688	7.793	-0.8436829	-0.60081115	7.7854699	44	42	44	0.0241	0.1465	0.000267313924867763	1
-0.8471	-0.6001	7.7832	-0.86774548	-0.72347208	7.7778164	45	43	45	0.0237	0.1252	0.000220928067434875	1
-0.8514	-0.7309	7.7636	-0.887714	-0.8575568	7.7880282	46	44	46	0.0237	0.134	0.00023645655779771	1
-0.9132	-0.8483	7.8008	-0.94832654	-1.03923107	7.86938529	47	45	47	0.0237	0.2059	0.00036333138246678	1
-0.9465	-1.0472	7.8578	-0.95600991	-1.26629879	8.00638241	48	46	0	0.0238	0.2649	0.000471395839441072	1
-0.3047	0.3297	7.8183	-0.43576044	0.43199625	8.07172191	49	30	0	0.0226	0.3031	0.000486354218701874	1
-0.2534	0.4171	7.7293	0.02801564	0.48518934	7.97634746	50	30	0	0.0325	0.3806	0.00126294773567882	1
-0.5491	0.0821	9.5077	-0.61881687	-0.24096058	10.34682776	51	34	51	0.0601	0.9019	0.0102342778543769	1
-0.6625	-0.172	10.3828	-0.62592733	-0.29960647	10.67210287	52	50	52	0.0601	0.3183	0.00361189781688454	1
-0.6307	-0.3039	10.6716	-0.62431726	-0.32647339	10.78612693	53	51	53	0.0601	0.1169	0.001326518551033	1
-0.6065	-0.312	10.7822	-0.5733256	-0.2937216	11.0029744	54	52	0	0.0601	0.224	0.0025418319540752	1
-0.2609	0.3828	8.0034	-0.46799049	0.53999104	8.17386647	55	30	55	0.0428	0.3109	0.00178919688240899	1
-0.468	0.5399	8.1738	-0.5620896	0.4803768	8.3100944	56	54	0	0.0428	0.176	0.00101286153523314	1
-0.2118	0.3441	8.3294	0.06912229	0.33663687	8.18731712	57	30	57	0.0728	0.3149	0.0052430656050575	1
0.0504	0.3813	8.2129	0.2158772	0.5295705	8.07501105	58	56	58	0.0728	0.2615	0.00435395889400615	1
0.1989	0.4771	8.0957	0.4144993	0.44068215	8.1804483	59	57	59	0.0728	0.2345	0.00390441055695771	1
0.4852	0.4344	8.1518	0.53403112	0.33096381	8.29503062	60	58	60	0.0728	0.1833	0.0030519337104066	1
0.6055	0.3564	8.317	0.57268629	0.33590334	8.44747907	61	59	61	0.0728	0.1361	0.0022660566174923	1
0.5527	0.3229	8.4637	0.665032	0.49102356	8.7375518	62	60	62	0.0728	0.3404	0.00566763903449213	1
0.5943	0.4819	8.7885	0.71998745	0.43725715	8.9552008	63	61	63	0.0728	0.2135	0.00355476185036448	1
0.773	0.5004	8.9735	1.01294042	0.20973849	9.28079297	64	62	64	0.0728	0.4863	0.00809686504839461	1
0.9904	0.2564	9.2531	0.89048483	0.23995202	9.30696312	65	63	65	0.0728	0.1147	0.00190974793553539	1
0.885	0.1693	9.4402	0.6534776	0.2585556	9.478101	66	64	66	0.0728	0.251	0.00417913454070953	1
0.7155	0.2333	9.474	0.7218099	0.17351954	9.93752058	67	65	67	0.0728	0.4674	0.0077821812124607	1
0.7669	0.1451	9.9274	0.76599085	0.13311517	9.95694897	68	66	68	0.0728	0.0319	0.000531133035253522	1
0.7376	0.1029	9.9884	0.62978957	0.29087716	10.07212092	69	67	0	0.0728	0.2323	0.00386778069245747	1
-0.1269	0.3349	8.3197	-0.02325882	0.08805592	8.66711506	70	31	70	0.0306	0.4386	0.00129021282035479	1
-0.0198	0.0948	8.6671	-0.0287474	0.098452	8.8328178	71	69	0	0.01	0.166	5.21504380495906e-05	1
-0.2247	0.3806	8.1264	-0.59016044	0.47994935	8.95086351	72	31	72	0.0658	0.9073	0.0123410630411015	1
-0.6964	0.5236	8.9179	-0.65145377	0.77439427	9.10533938	73	71	73	0.0499	0.3163	0.00247428747012039	1
-0.6289	0.7599	9.1201	-0.62637376	0.88019556	9.23476138	74	72	74	0.0658	0.1662	0.00226064661901363	1
-0.6431	0.9194	9.2188	-0.8820144	0.8846228	9.3830208	75	73	0	0.0485	0.292	0.00215782490526672	1
-0.247	0.2056	8.8397	-0.1495219	0.25817845	8.88185045	76	31	76	0.0481	0.1185	0.000861307791243718	1
-0.1496	0.2582	8.8818	-0.06087395	0.22878215	8.8956537	77	75	77	0.0477	0.0945	0.000675489245960307	1
0.0289	0.2666	8.9798	-0.07132467	0.39263577	9.03008947	78	76	78	0.0625	0.1687	0.00207026047133046	1
-0.0437	0.3958	9.0231	-0.0639776	0.67674472	9.0703668	79	77	79	0.0545	0.2856	0.00266502372945524	1
-0.0672	0.6771	9.0672	-0.04716975	0.80277675	9.05943525	80	78	80	0.053	0.1275	0.00112515355490155	1
-0.0386	0.7989	9.0645	0.02780524	0.96578804	9.08124112	81	79	81	0.0485	0.1804	0.00133312196202095	1
0.0808	1.0437	9.0289	0.07492525	1.19203091	9.24370697	82	80	82	0.0433	0.2611	0.00153791572379045	1
0.0854	1.2068	9.2387	0.01247198	1.32303344	9.4296012	83	81	0	0.0326	0.2351	0.000784942242905189	1
-0.4408	0.1381	8.9876	-0.56648755	0.0573643	8.74312955	84	32	0	0.0066	0.2865	3.92068878212414e-05	1
-0.4418	-0.1247	9.2423	-0.43555058	-0.17260244	9.23471561	85	33	85	0.0167	0.0489	4.28441641053072e-05	1
-0.4318	-0.1648	9.2127	-0.30205102	-0.07166854	9.26764317	86	84	0	0.0167	0.1689	0.000147983217124466	1
-0.5437	5e-04	9.6442	-0.7710037	-0.05243065	9.7352317	87	34	87	0.0601	0.2505	0.00284253975221356	1
-0.7727	-0.0254	9.6947	-1.01020988	0.08936038	9.78052756	88	86	88	0.0601	0.2774	0.0031477865359842	1
-1.0455	0.0867	9.7577	-1.0589708	0.2047242	9.7648638	89	87	89	0.06	0.119	0.00134585829279787	1
-1.1131	0.2537	9.8277	-1.12705008	0.44114192	9.66960728	90	88	90	0.0599	0.2456	0.00276841937448085	1
-1.1308	0.4528	9.6708	-1.05723922	0.48639925	9.57773316	91	89	91	0.0557	0.1233	0.00120177548233335	1
-1.0619	0.4867	9.5755	-0.98846272	0.59450448	9.4367936	92	90	92	0.0596	0.1904	0.0021247573303755	1
-0.9622	0.5397	9.3782	-0.835528	0.6272628	9.35324	93	91	93	0.0575	0.156	0.00162035495090528	1
-0.8605	0.6687	9.3542	-0.8021768	0.70043248	9.5067888	94	92	94	0.0557	0.1664	0.00162186082936148	1
-0.8211	0.7934	9.4858	-0.9761913	0.8193233	9.7400995	95	93	95	0.0585	0.299	0.00321464332216555	1
-0.8896	0.8655	9.8169	-0.99983418	0.84708664	9.95247012	96	94	96	0.0578	0.1757	0.00184406961102388	1
-0.925	0.9397	10.02	-1.07274356	1.01249452	10.08373494	97	95	97	0.0575	0.1766	0.00183432489955046	1
-1.0661	1.058	10.1087	-0.9049745	1.0334359	10.1106234	98	96	98	0.0572	0.163	0.00167544252675856	1
-0.8601	1.0388	10.0114	-0.74119026	0.90650234	10.05801865	99	97	0	0.0557	0.1839	0.0017924291257186	1
-0.4551	0.1629	9.88	-0.35148324	0.3415568	9.84669536	100	36	100	0.0056	0.2092	2.06104563029877e-05	1
-0.3337	0.4064	9.9372	-0.4883344	0.5416808	9.870564	101	99	101	0.0056	0.216	2.12803946531804e-05	1
-0.4987	0.556	9.8903	-0.62715992	0.51910372	9.84996956	102	100	0	0.0059	0.1396	1.52664941018959e-05	1
-0.852	-0.6804	7.7576	-0.80010984	-0.99027768	7.5525532	103	44	0	0.0076	0.3752	6.80831885550892e-05	2
-0.619	-0.2033	10.0907	-0.8102284	-0.29525516	10.04160788	104	50	104	0.0571	0.2178	0.00223089928658383	2
-0.8179	-0.2979	10.0716	-0.81274248	-0.01880529	10.09716336	105	103	105	0.0571	0.2803	0.0028710792930645	2
-0.7969	-0.017	10.1388	-0.65635072	0.18244708	10.07698248	106	104	106	0.0571	0.2517	0.00257813292209895	2
-0.6975	0.164	10.0931	-0.73748565	0.16393418	9.99094736	107	105	0	0.0571	0.1097	0.00112364394737487	2
-0.5413	-0.1266	9.9369	-0.23050192	-0.30409836	10.24028472	108	50	108	0.0185	0.4692	0.000504488572206267	2
-0.2487	-0.319	10.2293	-0.21374061	-0.45201487	10.35137282	109	107	109	0.0192	0.1839	0.000212977664039177	2
-0.2543	-0.4434	10.3487	-0.27263614	-0.4902806	10.47794066	110	108	0	0.0141	0.1387	8.66292509183279e-05	2
-0.6234	-0.1788	10.3517	-0.63326286	-0.08242781	10.38394318	111	50	111	0.0433	0.1021	0.000601383360394504	2
-0.6333	-0.0824	10.384	-0.50134719	-0.03120248	10.39411747	112	110	112	0.0433	0.1419	0.000835810958276004	2
-0.5144	-0.0396	10.4114	-0.38880265	-0.0469085	10.5028029	113	111	113	0.0478	0.1555	0.00111618468486667	2
-0.3533	-0.062	10.5325	-0.36512762	-0.03149603	10.56206905	114	112	114	0.0274	0.0441	0.00010401347063686	2
-0.3588	-0.0453	10.5646	-0.4830172	-0.07962364	10.68621236	115	113	0	0.0269	0.1772	0.00040282660880336	2
0.532	0.4156	8.5929	-0.07312206	0.47962566	8.52648715	116	61	116	0.017	0.6121	0.000555738001482808	2
-0.0704	0.4729	8.5168	0.10669775	0.36510875	8.64258475	117	115	0	0.017	0.2425	0.000220170667145207	2
0.879	0.2634	9.2068	0.580314	0.07352635	9.31969885	118	63	118	0.0692	0.3715	0.00558882974490093	2
0.5559	0.0596	9.3457	0.51490068	0.2634986	9.41616964	119	117	119	0.0671	0.2196	0.00310618450420705	2
0.4632	0.3687	9.391	0.4859574	0.4415721	9.6489441	120	118	120	0.0654	0.269	0.00361457840280736	2
0.498	0.4331	9.632	0.70201846	0.48300397	9.75200659	121	119	121	0.0623	0.2419	0.00294959123719422	2
0.7256	0.4746	9.7409	0.93855645	0.45450591	10.20531379	122	120	122	0.0485	0.5113	0.00377841052761259	2
0.9206	0.4536	10.2096	0.9412108	0.4422987	10.2929525	123	121	123	0.0388	0.0866	0.000409572902566791	2
0.9012	0.4692	10.2768	0.91131171	0.52093677	10.33789797	124	122	0	0.0262	0.0807	0.000174030749293205	2
0.1053	0.4341	8.08	-0.17132748	0.90369657	8.14827799	125	57	125	0.0692	0.5493	0.00826364516520614	2
-0.0194	0.84	8.2965	-0.05395601	1.03045408	8.41374603	126	124	126	0.0662	0.2263	0.003115662488181	2
-0.0739	1.0333	8.3975	-0.15621275	1.61035375	8.6013985	127	125	127	0.0567	0.6175	0.00623667269276631	2
-0.1158	1.5816	8.6311	-0.10104435	1.64761	8.6747471	128	126	128	0.0424	0.0805	0.000454650283517866	2
-0.0934	1.6574	8.6919	0.0030481	1.70862132	8.6202659	129	127	0	0.0282	0.1306	0.000326280610524402	2
0.7016	0.4466	8.6348	0.86466536	0.4550966	8.57646824	130	61	130	0.0127	0.1734	8.78630768755061e-05	2
0.8466	0.4591	8.5759	0.77453046	0.15791692	8.7196294	131	129	0	0.0127	0.3414	0.000172989933363886	2
0.7328	0.4922	9.0392	0.7933245	0.3812338	9.09583265	132	63	0	0.0344	0.1385	0.000514892458933454	2
0.8907	0.4557	9.0139	0.99054252	0.61637148	9.10914646	133	63	133	0.0431	0.2118	0.00123603386221196	2
0.9834	0.62	9.1102	1.00502792	0.62583002	9.2404831	134	132	134	0.044	0.1322	0.000804056710485649	2
1.0072	0.6048	9.2514	1.05771721	0.6940272	9.4140858	135	133	0	0.0429	0.1923	0.00111184370439457	2
0.8283	0.2557	9.4116	0.79435159	0.48989328	9.28771902	136	65	136	0.0442	0.2671	0.00163933722026687	2
0.7976	0.4987	9.2965	0.70001525	0.43587	9.39542675	137	135	137	0.0418	0.1525	0.00083709024307888	2
0.7004	0.4411	9.398	1.05603718	0.41492556	9.40053186	138	136	0	0.0416	0.3566	0.00193873242015386	2
0.7981	0.1421	9.9782	0.6191471	0.19916834	10.19797382	139	68	139	0.0692	0.2891	0.00434920775033879	2
0.4858	0.264	10.1773	0.56136136	0.39135912	10.08940912	140	138	140	0.0659	0.1722	0.00234938314661143	2
0.6136	0.3656	10.0528	0.70945015	0.5166806	10.0832557	141	139	141	0.0622	0.1815	0.00220600895692745	2
0.7293	0.479	10.1127	0.72218514	0.58018912	10.24687314	142	140	142	0.0427	0.1682	0.00096345539774698	2
0.6876	0.6092	10.2387	0.67692384	0.6701296	10.50110168	143	141	143	0.0363	0.2696	0.00111604835231187	2
0.6613	0.6925	10.528	0.77987605	0.75617145	10.54367735	144	142	144	0.0439	0.1355	0.000820385939408809	2
0.8234	0.7579	10.5197	0.87268872	0.78678483	10.61124236	145	143	145	0.0332	0.1079	0.000373634942432575	2
0.8871	0.8033	10.6096	0.88146078	0.82388156	10.7674663	146	144	0	0.0118	0.1593	6.96834530209748e-05	2
0.769	-0.0584	9.8748	0.68100572	-0.08641634	9.64280373	147	68	0	0.0235	0.2497	0.000433215652373357	2
-0.8801	0.8667	9.329	-0.922103	0.8369885	9.289272	148	74	148	0.0039	0.065	3.10593557697155e-06	2
-0.8417	0.828	9.0807	-0.93190392	0.58148128	9.05655424	149	147	0	0.0039	0.2636	1.25957633552262e-05	2
-0.5392	0.5302	8.8193	-0.55763635	0.66687757	8.82655025	150	71	150	0.0306	0.1381	0.000406243480371628	2
-0.5493	0.6553	8.8277	-0.4629908	0.72998804	8.95354493	151	149	151	0.0306	0.1699	0.000499788322339896	2
-0.4059	0.7697	9.0165	-0.53025616	0.74035136	9.14778112	152	150	0	0.0084	0.1832	4.06100864631526e-05	2
-0.5531	0.4908	9.0293	-0.41356764	0.4944322	9.03499976	153	71	153	0.0625	0.1397	0.00171437692854099	2
-0.4845	0.5879	8.9079	-0.96556708	0.32109668	8.98019044	154	152	154	0.0583	0.5548	0.00592411437359882	2
-0.9552	0.328	9.0452	-0.9333179	0.15771591	9.05972489	155	153	155	0.0506	0.1723	0.00138591368709573	2
-0.9235	0.1502	9.0533	-0.97214146	-0.04311284	9.2051636	156	154	156	0.0441	0.2506	0.00153111608264217	2
-0.9628	-0.0238	9.2048	-0.76994286	-0.1148464	9.30838899	157	155	0	0.0295	0.2371	0.000648224525709083	2
-0.7095	0.9229	9.3017	-0.77155323	0.96138937	9.4091273	158	74	158	0.0317	0.1299	0.000410088459912394	2
-0.7863	1.0222	9.4054	-0.8796336	1.0123632	9.617564	159	157	159	0.0436	0.232	0.00138551373721819	2
-0.9011	1.0234	9.6852	-0.43199488	0.96740232	9.84332868	160	158	160	0.0395	0.4982	0.00244201196299376	2
-0.4659	0.9666	9.9342	-0.45513404	0.9681486	9.93823216	161	159	161	0.0272	0.0116	2.69616005424497e-05	2
-0.4301	0.985	9.9319	-0.32891336	0.8780479	10.04848624	162	160	0	0.0204	0.1878	0.000245530696319227	2
0.0414	0.9099	9.1123	0.0913455	0.91462212	9.30776348	163	80	0	0.0378	0.2018	0.000905846549275927	2
-0.0473	0.5911	9.11	-0.010801	0.643532	9.3267792	164	78	164	0.0517	0.226	0.00189775173885492	2
-0.0108	0.6435	9.3268	0.06445224	0.80046072	9.3553768	165	163	165	0.0517	0.1764	0.00148125401209738	2
0.0548	0.8986	9.4377	-0.00226417	0.90942558	9.41809013	166	164	166	0.0517	0.0613	0.000514744166335427	2
-0.0069	0.8927	9.393	-0.22913236	0.89421286	9.4329666	167	165	0	0.0517	0.2258	0.00189607231253735	2
0.0041	0.794	9.0493	0.2157566	1.12766806	8.99684424	168	79	0	0.016	0.3986	0.000320573140920548	2
0.0439	0.964	9.0355	0.16559775	1.3254519	9.07367668	169	80	169	0.0438	0.3833	0.00231013262206823	2
0.1535	1.3416	9.0569	0.20677916	1.53197733	9.20214213	170	168	170	0.0387	0.2453	0.00115416885540236	2
0.2605	1.5422	9.1942	0.2453734	1.67360863	9.26124643	171	169	171	0.0461	0.1483	0.000990131493490664	2
0.2691	1.6737	9.3607	0.37419158	1.71756492	9.335631	172	170	0	0.01	0.1166	3.6630970340857e-05	2
-0.5124	-0.0789	8.9133	-0.59868882	-0.05415112	8.91085744	173	-1	173	0.0431	0.0898	0.000524059682845297	0
-0.6304	-0.0163	8.9032	-0.71223444	-0.07510806	8.95067868	174	172	174	0.0431	0.1114	0.000650114127716772	0
-0.7261	-0.0675	9.0111	-0.59564738	-0.2617017	9.06555334	175	173	0	0.0433	0.2402	0.00141481178419941	0
-0.7973	-0.0522	9.7496	-0.84704935	-0.1206917	9.8776497	176	87	176	0.0571	0.1535	0.00157228209591652	2
-0.839	-0.1424	9.8507	-0.99631008	-0.22970782	9.87384664	177	175	177	0.0557	0.1814	0.00176806222623901	2
-0.9716	-0.2501	9.9603	-0.92386724	-0.08499815	9.98553861	178	176	178	0.052	0.1737	0.00147555831718279	2
-0.9415	-0.0955	9.9951	-1.02413998	0.20245948	10.17134168	179	177	179	0.0429	0.3559	0.00205774921681762	2
-1.0231	0.2207	10.1767	-0.82786976	0.15215388	10.37065404	180	178	0	0.0217	0.2836	0.000419542118534427	2
-1.1368	0.4024	9.6479	-1.37547394	0.19353112	9.87330563	181	90	0	0.0214	0.3891	0.000559807419544339	2
-1.1091	0.3893	9.7903	-1.09047888	0.44859614	9.86581138	182	89	182	0.0159	0.0978	7.76753065901447e-05	2
-1.1035	0.4343	9.855	-1.32669154	0.51629576	10.01589084	183	181	183	0.0159	0.2871	0.000228022295726284	2
-1.3226	0.5974	9.976	-1.34939144	0.5954333	9.96924397	184	182	0	0.01	0.0277	8.70221165044373e-06	2
-1.151	0.5569	9.6467	-0.898112	0.33590056	10.16407184	185	89	185	0.01	0.6168	0.000193773434873418	2
-0.8982	0.3359	10.164	-0.81338269	0.18154569	10.1918148	186	184	0	0.01	0.1783	5.6014597013506e-05	2
-0.9246	0.9053	9.7939	-1.06218516	1.2436947	10.14434226	187	95	187	0.043	0.5062	0.00294041699810599	2
-1.0359	1.2247	10.162	-1.03059308	1.2782823	10.21174138	188	186	188	0.0439	0.0733	0.000443795493421887	2
-0.9999	1.3149	10.2472	-1.09406187	1.31312763	10.33045111	189	187	189	0.0549	0.1257	0.00119022711340246	2
-1.1348	1.2701	10.341	-1.1162296	1.27936296	10.45024288	190	188	0	0.0358	0.1112	0.000447734657910407	2
-0.9633	0.7624	9.7469	-0.41335473	0.54758395	9.19363742	191	94	191	0.0555	0.8091	0.00782957232299407	2
-0.4149	0.5644	9.194	-0.4335336	0.5632512	9.1680096	192	190	192	0.0343	0.032	0.000118273674912699	2
-0.3962	0.5863	9.1411	-0.308708	0.4853668	9.1757932	193	191	193	0.0555	0.138	0.00133541092642835	2
-0.281	0.5011	9.2395	-0.22397058	0.39035552	9.24215398	194	192	0	0.01	0.1246	3.91442444637288e-05	2
-0.9581	0.84	9.8157	-1.07145324	0.78737589	9.73963863	195	95	195	0.021	0.1463	0.000202690217302102	2
-1.0807	0.7811	9.7383	-1.1433381	0.8343736	9.92946066	196	194	196	0.0115	0.2081	8.64604782777917e-05	2
-1.1455	0.8374	9.9566	-1.01866824	0.77422671	9.97353849	197	195	0	0.013	0.1427	7.57635909117675e-05	2
-0.5831	0.2775	9.7988	-0.72009584	0.31656048	9.85621568	198	-1	198	0.0418	0.1536	0.000843128271061744	0
-0.717	0.3277	9.8655	-0.92793578	0.37641416	9.8752515	199	197	0	0.009	0.2167	5.51434333706656e-05	0
-0.4923	0.5518	9.8906	-0.25398688	0.39576708	9.90454628	200	101	200	0.0056	0.2852	2.80980025698474e-05	2
-0.254	0.3966	9.9052	-0.37615784	0.26399144	10.06482632	201	199	201	0.0054	0.2408	2.20594091003058e-05	2
-0.4716	0.2468	10.0735	-0.41711864	-0.00854669999999999	10.16723346	202	200	202	0.0049	0.2774	2.09241820285605e-05	2
-0.4014	-0.0036	10.1522	-0.215466	0.03135	10.35806948	203	201	203	0.0042	0.2796	1.5494787356847e-05	2
-0.2659	0.0464	10.3593	-0.2359528	0.1320596	10.5420024	204	202	0	0.0037	0.204	8.77371429923943e-06	2
-0.4339	-0.2067	10.0381	-0.45216223	-0.33701515	9.99238174	205	107	205	0.0094	0.1393	3.86684439731573e-05	3
-0.4434	-0.3253	10.0043	-0.5097936	-0.3754888	10.1015416	206	204	206	0.0094	0.128	3.55316642395128e-05	3
-0.5235	-0.4047	10.1291	-0.68547429	-0.42466074	10.0273733	207	205	0	0.0069	0.1923	2.8762546805454e-05	3
0.6327	0.0709	9.3713	0.62567235	0.003097	9.49984925	208	117	208	0.051	0.1455	0.00118892160258412	3
0.6257	0.0031	9.4998	0.5871079	-0.0049497	9.5927907	209	207	209	0.051	0.101	0.000825299531690692	3
0.5527	-0.0729	9.6136	0.393492	0.06586683	9.80393885	210	208	210	0.0569	0.2843	0.00289168688423499	3
0.3593	0.0756	9.7985	0.32358744	-0.00528548	9.87903864	211	209	211	0.0449	0.1196	0.000757484471785402	3
0.2484	-0.0096	9.8874	0.26262495	-0.0091117	10.0151033	212	210	0	0.0257	0.1285	0.000266636283332384	3
0.4452	0.2744	9.4128	0.22472988	0.22462532	9.37134408	213	118	213	0.0236	0.2298	0.000402090583910107	3
0.2171	0.2473	9.3713	0.2317706	0.2530385	9.620301	214	212	0	0.0236	0.2495	0.000436560490363671	3
0.4756	0.2544	9.3591	0.39241	0.2463066	9.2455386	215	118	215	0.042	0.141	0.000781389491171468	3
0.3924	0.2463	9.2456	0.13819968	0.18347856	9.06730496	216	214	0	0.042	0.3168	0.00175563255888738	3
0.3778	0.4167	9.4928	0.38586981	0.68048359	9.5399856	217	120	217	0.0146	0.2681	0.00017953635271951	3
0.3858	0.6805	9.54	0.32939552	0.79276815	9.69599364	218	216	0	0.0055	0.2003	1.90351455075496e-05	3
0.5816	0.4952	9.7413	0.3376134	0.5336826	9.7398674	219	120	219	0.0161	0.247	0.000201140061239042	3
0.3306	0.539	9.7542	0.16412776	0.47535546	9.69656779	220	218	220	0.0161	0.1873	0.000152524427004342	3
0.1882	0.4595	9.702	0.12831048	0.40137717	9.79785882	221	219	0	0.0195	0.1271	0.000151832466089648	3
0.5319	0.4002	9.4436	0.987586	0.694472	9.711494	222	119	222	0.0216	0.605	0.000886773588417607	3
1.057	0.785	9.7614	0.99166459	0.76474298	9.88914384	223	221	0	0.0062	0.1449	1.74985328504184e-05	3
0.1472	0.4655	8.1267	0.32060165	0.57582155	8.3086935	224	124	224	0.0556	0.2745	0.00266588741610757	3
0.3207	0.5758	8.3087	0.18937898	0.62568606	8.45690836	225	223	225	0.0549	0.2042	0.00193352725979939	3
0.1344	0.7022	8.474	0.1180164	0.6425708	8.6872088	226	224	226	0.0657	0.222	0.00301046502667122	3
0.199	0.6176	8.6737	0.15794482	0.42709598	8.7796095	227	225	0	0.0545	0.2218	0.0020696857954943	3
0.0142	0.6826	8.1632	0.46720474	0.84812494	8.6557763	228	124	228	0.0327	0.6894	0.00231588322573922	3
0.4062	0.8977	8.6804	0.5487938	0.92182606	8.98579402	229	227	229	0.0236	0.3379	0.000591237634043625	3
0.5396	0.9059	8.9092	0.60068183	0.85699382	8.91198748	230	228	0	0.01	0.0783	2.45986704776081e-05	3
-0.1071	0.9795	8.3602	-0.37671024	0.95613456	8.24840896	231	125	231	0.0148	0.2928	0.000201485768377828	3
-0.3715	0.8903	8.2283	-0.4419052	0.9686756	7.95255368	232	230	0	0.0148	0.2952	0.000203137291069449	3
-0.0128	1.1108	8.5007	0.61728282	1.02855611	8.37308911	233	125	233	0.0094	0.6481	0.000179906809325221	3
0.6269	0.9783	8.4715	0.8192218	1.04268511	8.48548704	234	232	234	0.0119	0.2033	9.04442942226972e-05	3
0.8328	1.0867	8.4638	0.93983034	1.11418948	8.58687414	235	233	0	0.0098	0.1654	4.99042495677563e-05	3
-0.0357	1.0765	8.4485	0.04466496	1.12700512	8.53674464	236	126	236	0.0539	0.1296	0.00118285743655037	3
0.0355	1.1423	8.5259	0.2245024	1.30455288	8.59388406	237	235	237	0.0539	0.2582	0.00235658788670761	3
0.2336	1.2121	8.559	0.36227396	1.19069137	8.64937965	238	236	238	0.0539	0.1587	0.00144845274059062	3
0.4137	1.3124	8.6573	0.40871262	1.29849953	8.90375558	239	237	0	0.0539	0.2469	0.00225345294046518	3
-0.1455	1.1608	8.4668	-0.2487052	1.0136337	8.47127702	240	126	240	0.0111	0.1798	6.9596198426614e-05	3
-0.2671	1.0387	8.4497	-0.08844496	1.37876188	8.69149253	241	239	0	0.0111	0.4539	0.00017569362884227	3
0.645	0.1802	10.0571	0.4539663	0.4987793	9.7618661	242	138	242	0.0346	0.4745	0.0017845893095259	3
0.457	0.4882	9.766	0.48094688	0.57621728	9.97409248	243	241	0	0.0121	0.2272	0.000104503043869625	3
0.7375	0.5207	10.1905	0.60918303	0.59592982	9.82488939	244	141	244	0.0145	0.3947	0.00026070718693319	3
0.6099	0.6219	9.8107	0.55220514	0.74191246	10.02863282	245	243	0	0.0145	0.2554	0.000168696771073567	3
0.6664	0.5931	10.2497	0.68555227	0.44838432	10.41011924	246	142	246	0.0096	0.2169	6.27988789153038e-05	3
0.6605	0.4587	10.4281	0.69040608	0.41873252	10.49290196	247	245	0	0.0082	0.0818	1.72794884442395e-05	3
0.7356	0.5559	10.2383	0.73902372	0.82893336	10.42783448	248	141	248	0.0068	0.3324	4.82868320059821e-05	3
0.7502	0.8309	10.4225	0.80152544	0.94577588	10.57225136	249	247	0	0.0068	0.1956	2.84142729854696e-05	3
0.8087	0.7111	10.4687	1.12416083	0.5485093	10.72178354	250	144	0	0.0159	0.4359	0.000346203130292884	3
0.8772	0.804	10.687	0.70806192	0.56059048	10.56169108	251	145	251	0.004	0.3218	1.61754322548031e-05	3
0.6679	0.5523	10.5509	0.6086755	0.65844285	10.68969935	252	250	252	0.004	0.1845	9.27398151339707e-06	3
0.6393	0.663	10.6982	0.60887413	0.59300214	10.84662417	253	251	0	0.0051	0.1669	1.36378704791264e-05	3
-0.9477	0.3339	8.9946	-0.90601617	0.31213524	8.75955018	254	154	254	0.0428	0.2397	0.0013794483522465	3
-0.9061	0.3121	8.7596	-0.9665537	0.31094502	8.8006822	255	253	255	0.0428	0.0731	0.000420682830826946	3
-1.0613	0.3442	8.8717	-0.9550484	0.2240618	9.0696796	256	254	0	0.0428	0.2548	0.00146634726805343	3
-0.8638	-0.0775	9.2273	-0.82436648	-0.1313412	9.05196904	257	156	0	0.0077	0.1876	3.49433193337192e-05	3
-0.9684	1.0654	9.6829	-0.9319048	1.1680228	9.7592287	258	159	258	0.0174	0.133	0.000126502762709512	3
-0.9537	1.1648	9.7664	-0.935276	1.2177004	9.846809	259	257	259	0.0174	0.098	9.32125619964829e-05	3
-0.929	1.2273	9.8011	-0.73675247	1.42731857	9.86941087	260	258	0	0.0087	0.2857	6.79357881693754e-05	3
-0.6738	0.631	9.5219	-0.62438448	0.57156832	9.61783584	261	190	261	0.0138	0.1232	7.37087002897957e-05	3
-0.6148	0.5646	9.6188	-0.46067053	0.81177699	9.87854465	262	260	0	0.0138	0.3903	0.000233510598401845	3
-0.277	0.492	9.2497	-0.3202306	0.560432	9.3534666	263	193	263	0.0029	0.1316	3.47697651891642e-06	3
-0.3152	0.5788	9.3472	-0.43474355	0.65047216	9.46093278	264	262	0	0.0029	0.1799	4.75310087958256e-06	3
-0.314	0.3347	9.9748	-0.39677384	0.31239692	9.89695924	265	200	265	0.0051	0.1158	9.46234512572101e-06	3
-0.393	0.3159	9.8901	-0.27205645	0.25483365	9.92496308	266	264	266	0.0051	0.1399	1.14316242062899e-05	3
-0.2703	0.2248	9.9049	-0.1032284	0.19720152	9.96104248	267	265	267	0.0051	0.1784	1.45775679657049e-05	3
-0.1053	0.1989	9.9454	0.01824017	0.24203205	9.93456775	268	266	0	0.0051	0.1313	1.0728893911979e-05	3
-0.697	-0.4313	10.0252	-0.6163675	-0.497015	10.15004875	269	206	269	0.0026	0.1625	3.45103952996839e-06	4
-0.6175	-0.501	10.152	-0.3982272	-0.44095935	10.41876555	270	268	0	0.0026	0.3505	7.44362680156258e-06	4
0.2306	0.0152	9.7699	0.37050278	0.28504514	9.75031422	271	211	271	0.01	0.3046	9.56929122283451e-05	4
0.3705	0.2851	9.7503	0.18032385	0.295768	9.74685195	272	270	0	0.01	0.1905	5.98473400508856e-05	4
0.1331	0.5962	8.6122	0.34024674	0.73912936	8.42260433	273	225	0	0.0184	0.3151	0.000335145908532678	4
0.5396	1.047	8.3844	0.53957905	1.08400189	8.36473633	274	232	274	0.0035	0.0419	1.6125009692713e-06	4
0.5029	1.108	8.3494	0.53212048	1.234768	8.47724416	275	273	275	0.0035	0.1824	7.01957462518103e-06	4
0.5531	1.288	8.4422	0.835606	1.2054735	8.4856945	276	274	0	0.0025	0.2975	5.84139884026852e-06	4
0.18	1.304	8.5373	0.16021536	1.43583248	8.65464032	277	236	277	0.0074	0.1776	3.05531697949985e-05	4
0.1637	1.4402	8.6687	0.14746452	1.3088364	8.71305092	278	276	0	0.0051	0.1396	1.14071103588139e-05	4
0.4439	1.2705	8.5933	0.51825905	1.15864516	8.53331262	279	238	279	0.0117	0.1471	6.32607401592713e-05	4
0.5055	1.157	8.5412	0.60412377	1.40459063	8.74923293	280	278	0	0.0117	0.3381	0.000145400790264103	4
0.5644	0.6914	9.9272	0.42580455	0.7182191	9.8750066	281	244	281	0.004	0.1505	7.56495510984422e-06	4
0.4022	0.7238	9.8771	0.36376028	0.55721075	9.88766921	282	280	282	0.004	0.1713	8.6104771449589e-06	4
0.3569	0.5417	9.8791	0.3320934	0.47877116	10.01388504	283	281	0	0.0045	0.1508	9.59348148626715e-06	4
0.6915	0.6239	10.1602	0.6286944	0.6370076	10.1756902	284	-1	284	0.0383	0.066	0.000304152475943206	0
0.5721	0.6544	10.1999	0.64906668	0.74367408	10.31565564	285	283	0	0.0117	0.1652	7.10446925514046e-05	0
-0.2772	0.4947	9.2571	-0.28456562	0.59346236	9.52604544	286	262	286	0.0025	0.2866	5.62737784074272e-06	4
-0.2908	0.5954	9.5222	-0.368745	0.6417575	9.67186	287	285	287	0.0025	0.175	3.43611696486384e-06	4
-0.3494	0.5897	9.6666	-0.26380706	0.59884808	9.89415849	288	286	0	0.0025	0.2433	4.77718432886498e-06	4
