dailyozonelevel
41
36
12
18
28
23
19
8
7
16
11
14
18
14
34
6
30
1
11
4
32
23
45
11
37
29
71
39
23
21
37
20
12
13
49
32
64
40
77
97
97
85
10
27
7
48
35
61
79
63
16
108
20
52 
82 
50 
64
59 
39 
9
16
78
35 
66 
122 
89 
110 
44
65 
22 
59 
23 
31 
44 
21 
9 
45 
168 
73 
76 
118 
84 
85 
96 
78
91 
47 
32 
20 
23 
21 
24 
44 
21 
28 
9 
13 
46
18
13
24
16
23
36 
7 
14
30 
14 
18 
20 
11 
135 
80 
28 
73 
13