Model:	LI-7810
SN:	TG10-01087
Software Version:	2.1.41
Timestamp:	2022-10-27 07:25:29
Timezone:	EST
DATAH	SECONDS	NANOSECONDS	NDX	DIAG	REMARK	DATE	TIME	H2O	CO2	CH4	CAVITY_P	CAVITY_T	LASER_PHASE_P	LASER_T	RESIDUAL	RING_DOWN_TIME	THERMAL_ENCLOSURE_T	PHASE_ERROR	LASER_T_SHIFT	INPUT_VOLTAGE	CHK
DATAU	secs	nsecs	index	diag		date	time	ppm	ppm	ppb	kPa	°C	kPa	°C		µsecs	°C	counts	°C	V	CHK
DATA	1666884942	313442945	4509	0	""	2022-10-27	10:35:42	12500.346	458.86121	2068.0002	39.6316	55.0003	31.265	37.8524	0.00233458	10.9623	54.4998	646.75	0.45345	14.6852	 26
DATA	1666884943	313442945	4513	0	""	2022-10-27	10:35:43	12449.871	458.1066	2069.8298	39.6263	55.0003	31.2699	37.8524	0.00234918	10.9622	54.4998	150	0.45345	14.6836	168
DATA	1666884944	313442945	4517	0	""	2022-10-27	10:35:44	12418.812	458.73203	2071.5403	39.6259	55.0003	31.2732	37.8524	0.00233362	10.9626	54.4998	-68.25	0.45345	14.6836	 80
DATA	1666884945	313442945	4521	0	""	2022-10-27	10:35:45	12429.647	458.80374	2071.9604	39.6214	55.0003	31.2695	37.8524	0.00243859	10.9628	54.4998	-212.5	0.45345	14.6832	 97
DATA	1666884946	313442945	4525	0	""	2022-10-27	10:35:46	12439.889	458.28241	2069.6599	39.6189	55.0003	31.2646	37.8524	0.00246446	10.9623	54.4998	-65	0.45345	14.6824	237
DATA	1666884947	313442945	4529	0	""	2022-10-27	10:35:47	12429.368	456.93399	2066.5437	39.6193	55.0003	31.2605	37.8524	0.00246029	10.9628	54.4998	-131.75	0.45345	14.6821	164
DATA	1666884948	313124895	4533	0	""	2022-10-27	10:35:48	12375.215	457.6824	2064.261	39.6206	55.0003	31.2581	37.8524	0.00244599	10.9628	54.4998	18.5	0.45345	14.6817	158
DATA	1666884949	313124895	4537	0	""	2022-10-27	10:35:49	12348.63	458.66769	2061.196	39.6201	55.0003	31.2597	37.8524	0.00245571	10.9627	54.4998	30.25	0.45345	14.6817	220
DATA	1666884950	313124895	4541	0	""	2022-10-27	10:35:50	12318.126	457.42767	2059.4478	39.6206	55.0003	31.2617	37.8524	0.00243345	10.9625	54.4998	176.5	0.45345	14.6817	 43
DATA	1666884951	313124895	4545	0	""	2022-10-27	10:35:51	12292.673	457.37881	2059.2812	39.6193	55.0003	31.2613	37.8524	0.00241831	10.963	54.4998	11	0.45345	14.6844	 92
DATA	1666884952	313124895	4549	0	""	2022-10-27	10:35:52	12310.819	458.4361	2059.4775	39.621	55.0003	31.2613	37.8524	0.00242954	10.9629	54.4998	-45.5	0.45345	14.684	145
DATA	1666884953	313124895	4553	0	""	2022-10-27	10:35:53	12400.721	459.44623	2058.7605	39.621	55.0003	31.2601	37.8524	0.00245671	10.9634	54.4998	57.25	0.45345	14.684	182
DATA	1666884954	313124895	4557	0	""	2022-10-27	10:35:54	12519.161	458.05719	2058.9548	39.6214	55.0003	31.2585	37.8524	0.00246874	10.9625	54.4998	-65.25	0.45345	14.6836	117
DATA	1666884955	312787055	4561	0	""	2022-10-27	10:35:55	12600.776	459.78531	2059.0637	39.6214	55.0003	31.2597	37.8524	0.00249627	10.9622	54.4998	61.25	0.45345	14.6832	 59
DATA	1666884956	312787055	4565	0	""	2022-10-27	10:35:56	12662.108	460.3255	2059.7676	39.6214	55.0003	31.2601	37.8524	0.00251486	10.9618	54.4998	-73.75	0.45345	14.6828	 52
DATA	1666884957	312787055	4569	0	""	2022-10-27	10:35:57	12729.476	459.19321	2059.6509	39.6214	55.0003	31.2589	37.8524	0.00251819	10.961	54.4998	30.25	0.45345	14.6832	 18
DATA	1666884958	312787055	4573	0	""	2022-10-27	10:35:58	12817.259	460.5354	2059.7659	39.6218	55.0003	31.2601	37.8524	0.00254354	10.9612	54.4998	-37	0.45345	14.6824	160
DATA	1666884959	312787055	4577	0	""	2022-10-27	10:35:59	12914.129	460.32614	2059.8042	39.6226	55.0003	31.2581	37.8524	0.00257189	10.9608	54.4998	30.5	0.45345	14.6828	  9
DATA	1666884960	312787055	4581	0	""	2022-10-27	10:36:00	13000.711	460.44812	2059.7808	39.623	55.0003	31.2585	37.8524	0.00258359	10.9597	54.4998	2	0.45345	14.6817	 43
DATA	1666884961	312787055	4585	0	""	2022-10-27	10:36:01	13103.968	461.90704	2059.6843	39.6226	55.0003	31.2556	37.8524	0.00261985	10.9611	54.4998	-28	0.45345	14.6813	201
DATA	1666884962	312787055	4589	0	""	2022-10-27	10:36:02	13214.734	461.18018	2059.5576	39.6238	55.0003	31.2548	37.8524	0.00263837	10.96	54.4998	-6	0.45345	14.6813	 53
DATA	1666884963	312462091	4593	0	""	2022-10-27	10:36:03	13304.109	461.09726	2059.5366	39.6238	55.0003	31.2544	37.8524	0.00265057	10.9602	54.4998	66.75	0.45345	14.6805	 37
DATA	1666884964	312462091	4597	0	""	2022-10-27	10:36:04	13376.373	462.44678	2059.5117	39.6242	55.0003	31.2544	37.8524	0.00267112	10.9591	54.4998	106.5	0.45345	14.6801	 35
DATA	1666884965	312462091	4601	0	""	2022-10-27	10:36:05	13435.378	461.58978	2059.637	39.6247	55.0003	31.2556	37.8524	0.00268393	10.959	54.4998	17	0.45345	14.6801	 66
DATA	1666884966	312462091	4605	0	""	2022-10-27	10:36:06	13484.282	461.08389	2058.9561	39.6251	55.0003	31.2572	37.8524	0.00267987	10.9589	54.4998	-50.5	0.45345	14.6797	 69
DATA	1666884967	312462091	4609	0	""	2022-10-27	10:36:07	13537.943	461.40152	2059.3108	39.6267	55.0003	31.2556	37.8524	0.00269273	10.959	54.4998	16.5	0.45345	14.6793	206
DATA	1666884968	312462091	4613	0	""	2022-10-27	10:36:08	13596.695	462.86279	2059.2317	39.6251	55.0003	31.2556	37.8524	0.00272173	10.9584	54.4998	-25.25	0.45345	14.6817	107
DATA	1666884969	312462091	4617	0	""	2022-10-27	10:36:09	13658.109	462.22858	2058.9851	39.6267	55.0003	31.2552	37.8524	0.00271891	10.959	54.4998	143	0.45345	14.6817	173
DATA	1666884970	312129020	4621	0	""	2022-10-27	10:36:10	13711.417	462.77048	2059.2942	39.6259	55.0003	31.2572	37.8524	0.00271823	10.9584	54.4998	-52	0.45345	14.6817	177
DATA	1666884971	312129020	4625	0	""	2022-10-27	10:36:11	13757.639	462.00351	2059.1101	39.6267	55.0003	31.2572	37.8524	0.00270721	10.9587	54.4998	111.25	0.45345	14.6817	 58
DATA	1666884972	312129020	4629	0	""	2022-10-27	10:36:12	13816.564	463.38181	2059.1714	39.6271	55.0003	31.2589	37.8524	0.00273334	10.9587	54.4998	37.75	0.45345	14.6813	 46
DATA	1666884973	312129020	4633	0	""	2022-10-27	10:36:13	13880.657	462.50143	2059.0942	39.6283	55.0003	31.2589	37.8524	0.00274125	10.9582	54.4998	-44.75	0.45345	14.6809	 85
DATA	1666884974	312129020	4637	0	""	2022-10-27	10:36:14	13942.601	463.61667	2059.5083	39.6296	55.0003	31.2568	37.8524	0.00274939	10.9584	54.4998	59	0.45345	14.6805	169
DATA	1666884975	312129020	4641	0	""	2022-10-27	10:36:15	13997.643	463.37534	2059.1084	39.6292	55.0003	31.2589	37.8524	0.00275261	10.9574	54.4998	-44.5	0.45345	14.6809	 48
DATA	1666884976	312129020	4645	0	""	2022-10-27	10:36:16	14047.799	463.4295	2059.4128	39.63	55.0003	31.2576	37.8524	0.00276317	10.9576	54.4998	41	0.45345	14.6793	 11
DATA	1666884977	312129020	4649	0	""	2022-10-27	10:36:17	14087.385	463.54178	2059.113	39.6304	55.0003	31.2593	37.8524	0.0027601	10.9572	54.4998	96.75	0.45345	14.6793	208
DATA	1666884978	311804056	4653	0	""	2022-10-27	10:36:18	14127.64	463.54184	2059.4177	39.6316	55.0003	31.2609	37.8524	0.00276349	10.9567	54.4998	-4.75	0.45345	14.6789	 16
DATA	1666884979	311804056	4657	0	""	2022-10-27	10:36:19	14174.562	463.33496	2059.3274	39.6312	55.0003	31.2626	37.8524	0.00276953	10.9569	54.4998	179.5	0.45345	14.6785	 78
DATA	1666884980	311804056	4661	0	""	2022-10-27	10:36:20	14224.36	464.26633	2059.4377	39.6312	55.0003	31.2634	37.8524	0.00277957	10.9563	54.4998	-1.25	0.45345	14.6781	235
DATA	1666884981	311804056	4665	0	""	2022-10-27	10:36:21	14267.157	464.1015	2059.2778	39.632	55.0003	31.2638	37.8524	0.00277513	10.9571	54.4998	-49.25	0.45345	14.6773	245
DATA	1666884982	311804056	4669	0	""	2022-10-27	10:36:22	14311.254	465.29547	2059.4556	39.6328	55.0003	31.2613	37.8524	0.00280394	10.9563	54.4998	-96.5	0.45345	14.6773	 51
DATA	1666884983	311804056	4673	0	""	2022-10-27	10:36:23	14354.811	464.04868	2059.3728	39.6337	55.0003	31.2601	37.8524	0.00279684	10.9567	54.4998	2.25	0.45345	14.677	212
DATA	1666884984	311804056	4677	0	""	2022-10-27	10:36:24	14394.293	465.67679	2059.5183	39.6333	55.0003	31.2605	37.8524	0.00280018	10.9562	54.4998	52.75	0.45345	14.677	 13
DATA	1666884985	311469078	4681	0	""	2022-10-27	10:36:25	14430.978	465.31891	2059.6389	39.6341	55.0003	31.2617	37.8524	0.00279755	10.9565	54.4998	-11	0.45345	14.6797	238
DATA	1666884986	311469078	4685	0	""	2022-10-27	10:36:26	14463.531	464.14337	2059.5945	39.6349	55.0003	31.2609	37.8524	0.00280236	10.9564	54.4998	-62.5	0.45345	14.6801	 56
DATA	1666884987	311469078	4689	0	""	2022-10-27	10:36:27	14498.133	465.4455	2059.4971	39.6349	55.0003	31.2609	37.8524	0.00281177	10.9559	54.4998	139.75	0.45345	14.6793	101
DATA	1666884988	311469078	4693	0	""	2022-10-27	10:36:28	14531.93	466.88608	2059.3584	39.6349	55.0003	31.2613	37.8524	0.00281688	10.9555	54.4998	50.5	0.45345	14.6789	251
DATA	1666884989	311469078	4697	0	""	2022-10-27	10:36:29	14569.204	465.72739	2059.6648	39.6349	55.0003	31.2617	37.8524	0.00279814	10.9568	54.4998	-38	0.45345	14.6785	  9
DATA	1666884990	311469078	4701	0	""	2022-10-27	10:36:30	14604.279	466.88925	2059.449	39.6357	55.0003	31.2638	37.8524	0.00281465	10.956	54.4998	-16	0.45345	14.6789	128
DATA	1666884991	311469078	4705	0	""	2022-10-27	10:36:31	14632.38	466.89856	2059.4875	39.6357	55.0003	31.2646	37.8524	0.00280896	10.9552	54.4998	39	0.45345	14.6785	150
DATA	1666884992	311469078	4709	0	""	2022-10-27	10:36:32	14660.73	465.05002	2059.5222	39.6365	55.0003	31.2662	37.8524	0.00280781	10.9558	54.4998	19.75	0.45345	14.6785	  5
DATA	1666884993	311141014	4713	0	""	2022-10-27	10:36:33	14689.71	467.12463	2059.4719	39.6361	55.0003	31.2654	37.8524	0.00282735	10.9562	54.4998	-60.75	0.45345	14.6777	 44
DATA	1666884994	311141014	4717	0	""	2022-10-27	10:36:34	14718.955	467.07944	2059.3892	39.6353	55.0003	31.2654	37.8524	0.0028354	10.9559	54.4998	10.25	0.45345	14.6773	  6
DATA	1666884995	311141014	4721	0	""	2022-10-27	10:36:35	14747.678	466.82745	2059.5564	39.6374	55.0003	31.2675	37.8524	0.00283626	10.9555	54.4998	-33.5	0.45345	14.677	 10
DATA	1666884996	311141014	4725	0	""	2022-10-27	10:36:36	14775.517	467.67242	2059.5681	39.6357	55.0001	31.265	37.8524	0.00285632	10.9556	54.4998	-45	0.45345	14.6762	158
DATA	1666884997	311141014	4729	0	""	2022-10-27	10:36:37	14802.023	468.22598	2059.407	39.6357	55.0001	31.2642	37.8524	0.00286523	10.9554	54.4998	-64	0.45345	14.6758	149
DATA	1666884998	311141014	4733	0	""	2022-10-27	10:36:38	14832.273	467.92569	2059.7175	39.6365	55.0003	31.2626	37.8524	0.00287603	10.9549	54.4998	-68	0.45345	14.6758	228
DATA	1666884999	311141014	4737	0	""	2022-10-27	10:36:39	14861.494	467.70447	2059.6294	39.6361	55.0003	31.2605	37.8524	0.002865	10.955	54.4998	-7.5	0.45345	14.6754	109
DATA	1666885000	310810089	4741	0	""	2022-10-27	10:36:40	14885.725	467.3302	2059.8086	39.6369	54.9997	31.2609	37.8524	0.00287795	10.9549	54.4998	17.5	0.45345	14.675	189
DATA	1666885001	310810089	4745	0	""	2022-10-27	10:36:41	14906.91	467.70325	2059.5581	39.6374	54.9999	31.2613	37.8524	0.0028764	10.9547	54.4998	31.5	0.45345	14.675	119
DATA	1666885002	310810089	4749	0	""	2022-10-27	10:36:42	14928.169	468.72141	2059.8481	39.6369	55.0003	31.2613	37.8524	0.00288107	10.9548	54.4998	33	0.45345	14.677	109
DATA	1666885003	310810089	4753	0	""	2022-10-27	10:36:43	14945.176	467.96298	2059.6255	39.6361	55.0003	31.2613	37.8524	0.00288055	10.9546	54.4998	-59	0.45345	14.677	163
DATA	1666885004	310810089	4757	0	""	2022-10-27	10:36:44	14967.033	468.15582	2059.782	39.6357	55.0003	31.2609	37.8524	0.00288066	10.9552	54.4998	218.25	0.45345	14.6773	 57
DATA	1666885005	310810089	4761	0	""	2022-10-27	10:36:45	14987.332	468.72659	2059.8103	39.6369	55.0003	31.2613	37.8524	0.00288687	10.9548	54.4998	-6.5	0.45345	14.677	220
DATA	1666885006	310810089	4765	0	""	2022-10-27	10:36:46	15007.946	469.27115	2059.8125	39.6369	55.0003	31.263	37.8524	0.00288731	10.9547	54.4998	104.75	0.45345	14.677	  2
DATA	1666885007	310810089	4769	0	""	2022-10-27	10:36:47	15030.243	468.58438	2059.7163	39.6369	55.0003	31.2634	37.8524	0.00289862	10.9546	54.4998	30.5	0.45345	14.6762	  7
DATA	1666885008	310487031	4773	0	""	2022-10-27	10:36:48	15056.54	469.6716	2059.6206	39.6378	55.0003	31.2646	37.8524	0.00289664	10.9547	54.4994	-94	0.45345	14.6762	115
DATA	1666885009	310487031	4777	0	""	2022-10-27	10:36:49	15078.337	469.4711	2059.916	39.6365	55.0003	31.2621	37.8524	0.00290894	10.9545	54.4998	96.5	0.45345	14.675	117
DATA	1666885010	310487031	4781	0	""	2022-10-27	10:36:50	15100.365	469.17596	2059.8301	39.6382	55.0003	31.2646	37.8524	0.00290755	10.9536	54.4998	-7.5	0.45345	14.6742	230
DATA	1666885011	310487031	4785	0	""	2022-10-27	10:36:51	15119.442	470.67819	2059.8765	39.6374	55.0003	31.265	37.8524	0.00292326	10.9538	54.4998	56.25	0.45345	14.6746	  2
DATA	1666885012	310487031	4789	0	""	2022-10-27	10:36:52	15139.313	469.40591	2059.7217	39.6378	55.0003	31.2621	37.8524	0.00291348	10.9543	54.4998	10	0.45345	14.6742	136
DATA	1666885013	310487031	4793	0	""	2022-10-27	10:36:53	15157.763	469.9809	2059.9729	39.6386	55.0003	31.2621	37.8524	0.00291974	10.9536	54.4998	29	0.45345	14.6738	132
DATA	1666885014	310487031	4797	0	""	2022-10-27	10:36:54	15174.157	469.81665	2059.8645	39.639	55.0003	31.2642	37.8524	0.00292198	10.9536	54.4998	118	0.45345	14.6734	170
DATA	1666885015	310148954	4801	0	""	2022-10-27	10:36:55	15187.653	470.82892	2059.8254	39.6394	55.0003	31.2642	37.8524	0.00293051	10.9538	54.4998	-47	0.45345	14.6726	204
DATA	1666885016	310148954	4805	0	""	2022-10-27	10:36:56	15202.982	470.50284	2059.8379	39.6394	55.0003	31.2646	37.8524	0.00292212	10.9537	54.4998	87.25	0.45345	14.6722	 50
DATA	1666885017	310148954	4809	0	""	2022-10-27	10:36:57	15220.709	470.50949	2059.9194	39.6386	55.0003	31.2638	37.8524	0.00293	10.9533	54.4998	-62.75	0.45345	14.6722	206
DATA	1666885018	310148954	4813	0	""	2022-10-27	10:36:58	15237.336	470.03394	2060.0049	39.6378	55.0003	31.2642	37.8524	0.00291864	10.9537	54.4998	-11.75	0.45345	14.6726	 83
DATA	1666885019	310148954	4817	0	""	2022-10-27	10:36:59	15249.783	470.72934	2060.926	39.639	55.0003	31.2621	37.8524	0.00293303	10.9537	54.4998	-86.75	0.45345	14.6754	  6
DATA	1666885020	310148954	4821	0	""	2022-10-27	10:37:00	15251.25	469.98828	2061.864	39.639	55.0003	31.2609	37.8524	0.00293227	10.9529	54.4998	-27.75	0.45345	14.675	145
DATA	1666885021	310148954	4825	0	""	2022-10-27	10:37:01	15211.756	469.1044	2061.1348	39.6386	55.0003	31.2617	37.8524	0.00291721	10.9542	54.4998	139.75	0.45345	14.6746	 26
DATA	1666885022	310148954	4829	0	""	2022-10-27	10:37:02	15099.06	467.53082	2059.5691	39.639	55.0003	31.2638	37.8524	0.00288503	10.9536	54.4998	76.75	0.45345	14.6738	219
DATA	1666885023	309827089	4833	0	""	2022-10-27	10:37:03	14893.459	465.14655	2058.9387	39.639	55.0003	31.265	37.8524	0.00280911	10.9543	54.4998	13.25	0.45345	14.6742	214
DATA	1666885024	309827089	4837	0	""	2022-10-27	10:37:04	14632.547	464.69952	2058.991	39.6386	55.0003	31.2667	37.8524	0.00274072	10.9554	54.4998	267.25	0.45345	14.6738	 82
DATA	1666885025	309827089	4841	0	""	2022-10-27	10:37:05	14351.697	462.73151	2058.4453	39.6386	55.0003	31.2724	37.8524	0.00267067	10.9566	54.4998	36.25	0.45345	14.6738	 61
DATA	1666885026	309827089	4845	0	""	2022-10-27	10:37:06	14060.034	462.99927	2058.4504	39.6369	55.0003	31.2716	37.8524	0.00260497	10.9572	54.4996	45.5	0.45345	14.6742	  7
DATA	1666885027	309827089	4849	0	""	2022-10-27	10:37:07	13814.955	461.64459	2057.9072	39.6378	55.0003	31.2728	37.8524	0.00254257	10.959	54.4998	194.25	0.45345	14.6726	 85
DATA	1666885028	309827089	4853	0	""	2022-10-27	10:37:08	13585.721	460.10828	2057.8455	39.6357	55.0003	31.2765	37.8524	0.00250386	10.9588	54.4998	99	0.45345	14.6726	187
DATA	1666885029	309827089	4857	0	""	2022-10-27	10:37:09	13434.626	461.77139	2057.9087	39.6349	55.0003	31.2769	37.8524	0.00248746	10.9595	54.4998	13	0.45345	14.6722	193
DATA	1666885030	309492111	4861	0	""	2022-10-27	10:37:10	13353.227	461.62445	2057.9126	39.6345	55.0003	31.2765	37.8524	0.00247084	10.9595	54.4996	33.75	0.45345	14.6722	 25
DATA	1666885031	309492111	4865	0	""	2022-10-27	10:37:11	13269.36	461.33661	2057.968	39.6341	55.0003	31.2769	37.8524	0.00247405	10.9602	54.4998	3	0.45345	14.6711	235
DATA	1666885032	309492111	4869	0	""	2022-10-27	10:37:12	13195.6	460.33685	2058.3721	39.6324	55.0003	31.2757	37.8524	0.00246251	10.96	54.4994	3	0.45345	14.6707	131
DATA	1666885033	309492111	4873	0	""	2022-10-27	10:37:13	13162.183	461.5174	2058.1768	39.6324	55.0003	31.2757	37.8524	0.00246098	10.9603	54.4996	-33.25	0.45345	14.6707	 21
DATA	1666885034	309492111	4877	0	""	2022-10-27	10:37:14	13136.781	460.89731	2058.2209	39.6312	55.0003	31.2736	37.8524	0.00247542	10.96	54.4992	-93	0.45345	14.6707	 80
DATA	1666885035	309492111	4881	0	""	2022-10-27	10:37:15	13109.337	460.37091	2058.3477	39.6316	55.0003	31.272	37.8524	0.00247224	10.9603	54.499	205.75	0.45345	14.6703	217
DATA	1666885036	309492111	4885	0	""	2022-10-27	10:37:16	13054.21	460.58011	2058.4255	39.63	55.0003	31.2724	37.8524	0.00246481	10.9607	54.4994	140.5	0.45345	14.6715	109
DATA	1666885037	309492111	4889	0	""	2022-10-27	10:37:17	13031.51	460.52524	2059.8469	39.6304	55.0003	31.2708	37.8524	0.00247778	10.9606	54.499	-65	0.45345	14.6711	 87
DATA	1666885038	309169054	4893	0	""	2022-10-27	10:37:18	13034.1	460.81119	2070.3794	39.6292	55.0003	31.2695	37.8524	0.00248957	10.9613	54.499	-42	0.45345	14.6707	 41
DATA	1666885039	309169054	4897	0	""	2022-10-27	10:37:19	13045.6	459.01514	2079.5039	39.6292	55.0003	31.2679	37.8524	0.00250218	10.9614	54.4998	-50	0.45345	14.6707	 97
DATA	1666885040	309169054	4901	0	""	2022-10-27	10:37:20	13048.276	460.19824	2079.7939	39.6283	55.0003	31.2683	37.8524	0.00251829	10.96	54.4998	-124.25	0.45345	14.6707	 37
DATA	1666885041	309169054	4905	0	""	2022-10-27	10:37:21	13069.056	460.28357	2079.0918	39.6292	55.0003	31.2662	37.8524	0.00252776	10.9603	54.4998	-23.25	0.45345	14.6719	 84
DATA	1666885042	309169054	4909	0	""	2022-10-27	10:37:22	13129.705	461.06421	2079.7939	39.6279	55.0003	31.2621	37.8524	0.00255327	10.9618	54.4998	-10.25	0.45345	14.6719	 84
DATA	1666885043	309169054	4913	0	""	2022-10-27	10:37:23	13186.552	461.07022	2079.0515	39.6263	55.0003	31.2613	37.8524	0.00258746	10.9602	54.4998	-79.75	0.45345	14.6719	 80
DATA	1666885044	309169054	4917	0	""	2022-10-27	10:37:24	13249.435	461.48169	2077.5986	39.6267	55.0003	31.2605	37.8524	0.00260027	10.96	54.4998	-74.25	0.45345	14.6707	253
DATA	1666885045	308846950	4921	0	""	2022-10-27	10:37:25	13302.497	460.65973	2077.6582	39.6271	55.0003	31.2597	37.8524	0.00261344	10.96	54.4998	19.5	0.45345	14.6695	166
DATA	1666885046	308846950	4925	0	""	2022-10-27	10:37:26	13340.323	460.18231	2076.8965	39.6267	55.0003	31.2589	37.8524	0.00261947	10.9586	54.4998	-29.75	0.45345	14.6695	122
DATA	1666885047	308846950	4929	0	""	2022-10-27	10:37:27	13423.333	461.68594	2076.5806	39.6275	55.0003	31.2589	37.8524	0.00263496	10.9598	54.4998	28.5	0.45345	14.6691	 38
DATA	1666885048	308846950	4933	0	""	2022-10-27	10:37:28	13525.56	460.71115	2076.5686	39.6275	55.0003	31.2605	37.8524	0.00267089	10.9595	54.4998	-98.25	0.45345	14.6687	 75
DATA	1666885049	308846950	4937	0	""	2022-10-27	10:37:29	13626.207	460.98642	2076.5852	39.6279	55.0003	31.2572	37.8524	0.00267783	10.9582	54.4998	-72.75	0.45345	14.6687	139
DATA	1666885050	308846950	4941	0	""	2022-10-27	10:37:30	13714.338	461.37915	2076.6755	39.6287	55.0003	31.2581	37.8524	0.00269921	10.9591	54.4998	41.25	0.45345	14.6683	 58
DATA	1666885051	308846950	4945	0	""	2022-10-27	10:37:31	13783.057	461.17355	2077.1072	39.6283	55.0003	31.2576	37.8524	0.00271614	10.9579	54.4998	9.5	0.45345	14.6683	212
DATA	1666885052	308846950	4949	0	""	2022-10-27	10:37:32	13844.751	462.13657	2077.427	39.6287	55.0003	31.256	37.8524	0.00271635	10.958	54.4998	-66.75	0.45345	14.6683	221
DATA	1666885053	308511018	4953	0	""	2022-10-27	10:37:33	13915.54	461.1214	2078.0029	39.6287	55.0003	31.2548	37.8524	0.00274219	10.9583	54.4998	-6.75	0.45345	14.6707	182
DATA	1666885054	308511018	4957	0	""	2022-10-27	10:37:34	13979.436	461.58725	2078.103	39.6287	55.0003	31.2552	37.8524	0.00275817	10.958	54.4998	200.25	0.45345	14.6703	249
DATA	1666885055	308511018	4961	0	""	2022-10-27	10:37:35	14036.903	462.72415	2078.1089	39.63	55.0003	31.2556	37.8524	0.00277213	10.958	54.4998	182	0.45345	14.6703	 31
DATA	1666885056	308511018	4965	0	""	2022-10-27	10:37:36	14085.217	462.88593	2078.6382	39.6308	55.0003	31.2593	37.8524	0.00278195	10.9565	54.4998	-63.75	0.45345	14.6695	123
DATA	1666885057	308511018	4969	0	""	2022-10-27	10:37:37	14122.478	462.51514	2078.5413	39.6308	55.0003	31.2589	37.8524	0.00278585	10.9572	54.4998	-91	0.45345	14.6695	216
DATA	1666885058	308511018	4973	0	""	2022-10-27	10:37:38	14155.936	462.34003	2078.5208	39.6308	55.0003	31.2572	37.8524	0.00278888	10.9561	54.4998	-117.5	0.45345	14.6691	 96
DATA	1666885059	308511018	4977	0	""	2022-10-27	10:37:39	14195.037	462.9299	2078.5991	39.6312	55.0003	31.254	37.8524	0.0027844	10.9572	54.4998	15	0.45345	14.6695	 23
DATA	1666885060	308176994	4981	0	""	2022-10-27	10:37:40	14233.598	463.37595	2078.4529	39.6316	55.0003	31.2548	37.8524	0.00279024	10.957	54.4998	82.25	0.45345	14.6695	 26
DATA	1666885061	308176994	4985	0	""	2022-10-27	10:37:41	14273.756	462.97977	2078.3394	39.632	55.0003	31.2568	37.8524	0.00278003	10.9569	54.4998	41.5	0.45345	14.6679	244
DATA	1666885062	308176994	4989	0	""	2022-10-27	10:37:42	14318.415	463.77747	2078.5603	39.6324	55.0003	31.2581	37.8524	0.00279578	10.9569	54.4998	60	0.45345	14.6679	198
DATA	1666885063	308176994	4993	0	""	2022-10-27	10:37:43	14360.102	462.64948	2078.3821	39.6324	55.0003	31.2581	37.8524	0.0027995	10.9559	54.4998	-9.25	0.45345	14.6675	 17
DATA	1666885064	308176994	4997	0	""	2022-10-27	10:37:44	14393.106	465.37607	2078.2644	39.6337	55.0003	31.2572	37.8524	0.00281087	10.9566	54.4998	-58.75	0.45345	14.6671	127
DATA	1666885065	308176994	5001	0	""	2022-10-27	10:37:45	14428.842	462.98447	2078.6826	39.6341	55.0003	31.256	37.8524	0.00280706	10.9557	54.4998	59.25	0.45345	14.6664	 18
DATA	1666885066	308176994	5005	0	""	2022-10-27	10:37:46	14465.498	462.99564	2078.5684	39.6345	55.0003	31.2581	37.8524	0.00281301	10.9557	54.4998	70.25	0.45345	14.666	 22
DATA	1666885067	308176994	5009	0	""	2022-10-27	10:37:47	14498.551	465.32776	2078.4963	39.6337	55.0003	31.2589	37.8524	0.0028301	10.9563	54.4998	-33.5	0.45345	14.666	225
DATA	1666885068	307852029	5013	0	""	2022-10-27	10:37:48	14531.086	463.82327	2078.6453	39.6345	55.0003	31.2593	37.8524	0.00282475	10.9552	54.4998	53.75	0.45345	14.666	  3
DATA	1666885069	307852029	5017	0	""	2022-10-27	10:37:49	14562.568	465.28113	2078.6565	39.6345	55.0003	31.2617	37.8524	0.00282376	10.9559	54.4998	-29	0.45345	14.6664	223
DATA	1666885070	307852029	5021	0	""	2022-10-27	10:37:50	14602.504	464.05353	2078.3213	39.6349	55.0003	31.2589	37.8524	0.00282441	10.9558	54.4998	-45	0.45345	14.6683	177
DATA	1666885071	307852029	5025	0	""	2022-10-27	10:37:51	14644.89	464.04358	2078.3279	39.6341	55.0003	31.2589	37.8524	0.00283592	10.9558	54.4998	89.25	0.45345	14.6679	 26
DATA	1666885072	307852029	5029	0	""	2022-10-27	10:37:52	14686.895	464.43185	2078.6167	39.6353	55.0003	31.2617	37.8524	0.00283539	10.9556	54.4998	-7.75	0.45345	14.6675	 73
DATA	1666885073	307852029	5033	0	""	2022-10-27	10:37:53	14723.803	465.01111	2078.2874	39.6361	55.0003	31.2589	37.8524	0.00285714	10.9549	54.4998	79.25	0.45345	14.6675	 49
DATA	1666885074	307852029	5037	0	""	2022-10-27	10:37:54	14751.295	465.11182	2078.3652	39.6365	55.0003	31.2613	37.8524	0.00284657	10.9552	54.4998	85	0.45345	14.6675	160
DATA	1666885075	307532072	5041	0	""	2022-10-27	10:37:55	14777.544	464.84851	2078.634	39.6361	55.0003	31.2638	37.8524	0.00285995	10.9553	54.4998	97	0.45345	14.6675	129
DATA	1666885076	307532072	5045	0	""	2022-10-27	10:37:56	14805.622	465.28625	2078.4739	39.6369	55.0003	31.2609	37.8524	0.00286582	10.955	54.4998	-116.25	0.45345	14.6675	106
DATA	1666885077	307532072	5049	0	""	2022-10-27	10:37:57	14833.797	465.83466	2078.7168	39.6365	55.0003	31.2609	37.8524	0.00286531	10.9551	54.4998	-6.75	0.45345	14.6671	 71
DATA	1666885078	307532072	5053	0	""	2022-10-27	10:37:58	14860.408	465.82144	2078.4822	39.6374	55.0003	31.2613	37.8524	0.00286441	10.9545	54.4998	62	0.45345	14.6664	150
DATA	1666885079	307532072	5057	0	""	2022-10-27	10:37:59	14883.89	466.51047	2078.488	39.6369	55.0003	31.2605	37.8524	0.00286544	10.9554	54.4998	17.75	0.45345	14.6652	233
DATA	1666885080	307532072	5061	0	""	2022-10-27	10:38:00	14904.288	466.6478	2078.9895	39.6374	55.0003	31.2621	37.8524	0.00287464	10.9546	54.4998	-85.75	0.45345	14.6644	 61
DATA	1666885081	307532072	5065	0	""	2022-10-27	10:38:01	14926.9	465.23215	2078.4221	39.6374	55.0003	31.2609	37.8524	0.00286641	10.9546	54.4998	13.25	0.45345	14.6644	178
DATA	1666885082	307532072	5069	0	""	2022-10-27	10:38:02	14950.799	466.92661	2078.5859	39.6386	55.0003	31.2617	37.8524	0.00287998	10.9548	54.4998	60.25	0.45345	14.664	 37
DATA	1666885083	307193040	5073	0	""	2022-10-27	10:38:03	14973.667	466.55029	2078.8857	39.639	55.0003	31.263	37.8524	0.00287938	10.9547	54.4998	11.75	0.45345	14.664	173
DATA	1666885084	307193040	5077	0	""	2022-10-27	10:38:04	14991.29	466.83026	2078.7915	39.639	55.0003	31.2634	37.8524	0.00287072	10.9547	54.4998	-47.5	0.45345	14.664	155
DATA	1666885085	307193040	5081	0	""	2022-10-27	10:38:05	15014.599	466.33206	2078.9148	39.6382	55.0003	31.2634	37.8524	0.00288092	10.9542	54.4998	-54.5	0.45345	14.664	239
DATA	1666885086	307193040	5085	0	""	2022-10-27	10:38:06	15039.533	467.34381	2078.9263	39.6382	55.0003	31.2617	37.8524	0.00289042	10.9545	54.4998	13.75	0.45345	14.664	249
DATA	1666885087	307193040	5089	0	""	2022-10-27	10:38:07	15066.23	467.01511	2078.8867	39.639	55.0003	31.2626	37.8524	0.00288157	10.9544	54.4998	46.25	0.45345	14.666	158
DATA	1666885088	307193040	5093	0	""	2022-10-27	10:38:08	15084.805	467.3006	2078.8767	39.6406	55.0003	31.263	37.8524	0.00288734	10.9542	54.4998	-53.75	0.45345	14.666	203
DATA	1666885089	307193040	5097	0	""	2022-10-27	10:38:09	15107.285	468.6257	2078.5774	39.6386	55.0003	31.2613	37.8524	0.00290594	10.9552	54.4998	-49	0.45345	14.6656	172
DATA	1666885090	306859016	5101	0	""	2022-10-27	10:38:10	15128.37	467.80453	2078.8164	39.6394	55.0003	31.2601	37.8524	0.00290831	10.9542	54.4998	60.5	0.45345	14.6656	182
DATA	1666885091	306859016	5105	0	""	2022-10-27	10:38:11	15149.253	468.27988	2078.8433	39.6394	55.0003	31.2609	37.8524	0.00290712	10.9537	54.4998	-96.5	0.45345	14.6648	 62
DATA	1666885092	306859016	5109	0	""	2022-10-27	10:38:12	15170.53	468.04977	2078.9014	39.639	55.0003	31.2589	37.8524	0.00291718	10.9544	54.4998	11.5	0.45345	14.6652	154
DATA	1666885093	306859016	5113	0	""	2022-10-27	10:38:13	15193.683	468.53394	2078.7981	39.6394	55.0003	31.2597	37.8524	0.00293359	10.954	54.4998	-82.25	0.45345	14.6648	 75
DATA	1666885094	306859016	5117	0	""	2022-10-27	10:38:14	15211.201	468.60046	2078.9958	39.6382	55.0003	31.2597	37.8524	0.00292718	10.9545	54.4998	-21.25	0.45345	14.6648	 97
DATA	1666885095	306859016	5121	0	""	2022-10-27	10:38:15	15230.522	469.29855	2078.6184	39.6398	55.0003	31.2597	37.8524	0.00293355	10.9535	54.4998	-13	0.45345	14.6632	208
DATA	1666885096	306859016	5125	0	""	2022-10-27	10:38:16	15247.884	468.69016	2078.7507	39.6382	55.0003	31.2568	37.8524	0.00296027	10.9532	54.4998	88.5	0.45345	14.6632	 22
DATA	1666885097	306859016	5129	0	""	2022-10-27	10:38:17	15262.146	468.21774	2078.9897	39.6402	55.0003	31.2589	37.8524	0.00293533	10.9545	54.4998	-23.5	0.45345	14.6628	 67
DATA	1666885098	306534051	5133	0	""	2022-10-27	10:38:18	15277.722	468.77933	2078.6582	39.6402	55.0003	31.2601	37.8524	0.00294563	10.954	54.4998	59	0.45345	14.6628	112
DATA	1666885099	306534051	5137	0	""	2022-10-27	10:38:19	15293.85	469.21262	2078.707	39.6394	55.0003	31.2597	37.8524	0.00294728	10.9534	54.4998	-14.75	0.45345	14.662	212
DATA	1666885100	306534051	5141	0	""	2022-10-27	10:38:20	15312.985	471.18655	2078.74	39.6402	55.0003	31.2585	37.8524	0.00296176	10.9531	54.4998	-23.5	0.45345	14.6613	163
DATA	1666885101	306534051	5145	0	""	2022-10-27	10:38:21	15329.447	467.84235	2078.6931	39.641	55.0003	31.2576	37.8524	0.00294814	10.9535	54.4998	8.75	0.45345	14.6617	197
DATA	1666885102	306534051	5149	0	""	2022-10-27	10:38:22	15348.258	468.742	2078.678	39.6398	55.0003	31.2585	37.8524	0.00294972	10.9533	54.4998	30	0.45345	14.662	211
DATA	1666885103	306534051	5153	0	""	2022-10-27	10:38:23	15364.531	469.06296	2079.0354	39.6406	55.0003	31.2597	37.8524	0.00293817	10.9532	54.4998	-28.25	0.45345	14.6617	 79
DATA	1666885104	306534051	5157	0	""	2022-10-27	10:38:24	15373.992	469.32782	2079.1692	39.641	55.0003	31.2593	37.8524	0.00293821	10.953	54.4998	6.75	0.45345	14.664	101
DATA	1666885105	306201934	5161	0	""	2022-10-27	10:38:25	15384.105	468.6358	2082.573	39.6406	55.0003	31.2609	37.8524	0.00295039	10.9543	54.4998	33.5	0.45345	14.6636	133
DATA	1666885106	306201934	5165	0	""	2022-10-27	10:38:26	15324.064	467.62439	2086.0222	39.6414	55.0003	31.2605	37.8524	0.00292179	10.9534	54.4998	151.75	0.45345	14.6632	 70
DATA	1666885107	306201934	5169	0	""	2022-10-27	10:38:27	15184.38	466.94931	2087.4346	39.6414	55.0003	31.2626	37.8524	0.00287067	10.9549	54.4998	34.75	0.45345	14.6632	  7
DATA	1666885108	306201934	5173	0	""	2022-10-27	10:38:28	15022.028	465.586	2088.4297	39.6402	55.0003	31.2642	37.8524	0.00283487	10.9542	54.4998	8	0.45345	14.6632	245
DATA	1666885109	306201934	5177	0	""	2022-10-27	10:38:29	14856.11	464.6814	2089.3101	39.641	55.0003	31.2642	37.8524	0.00278096	10.9544	54.4998	99.25	0.45345	14.6628	149
DATA	1666885110	306201934	5181	0	""	2022-10-27	10:38:30	14640.493	462.77301	2092.2229	39.6402	55.0003	31.2687	37.8524	0.00273888	10.9557	54.4998	97.75	0.45345	14.6632	 38
DATA	1666885111	306201934	5185	0	""	2022-10-27	10:38:31	14373.487	463.53448	2092.4229	39.6398	55.0003	31.2712	37.8524	0.00267696	10.956	54.4998	43.25	0.45345	14.6628	255
DATA	1666885112	306201934	5189	0	""	2022-10-27	10:38:32	14142.853	461.70499	2095.2341	39.6406	55.0003	31.2708	37.8524	0.00261437	10.9576	54.4998	-10.5	0.45345	14.6617	 19
DATA	1666885113	305876016	5193	0	""	2022-10-27	10:38:33	13941.375	462.85287	2107.2729	39.6369	55.0003	31.2732	37.8524	0.00256969	10.9576	54.4998	-75.75	0.45345	14.6609	121
DATA	1666885114	305876016	5197	0	""	2022-10-27	10:38:34	13733.708	461.43579	2112.3569	39.6451	55.0003	31.2748	37.8524	0.00253613	10.9583	54.4998	686	0.45345	14.6609	215
DATA	1666885115	305876016	5201	0	""	2022-10-27	10:38:35	13587.213	462.10257	2121.2439	39.6439	55.0003	31.2789	37.8524	0.00239155	10.9589	54.4998	420.5	0.45345	14.6601	 27
DATA	1666885116	305876016	5205	0	""	2022-10-27	10:38:36	13463.61	462.11813	2132.6792	39.639	55.0003	31.2835	37.8524	0.00242049	10.9584	54.4998	36.5	0.45345	14.6601	128
DATA	1666885117	305876016	5209	0	""	2022-10-27	10:38:37	13380.416	461.62784	2146.9995	39.6353	55.0003	31.2835	37.8524	0.00246871	10.9592	54.4998	-196.5	0.45345	14.6597	120
DATA	1666885118	305876016	5213	0	""	2022-10-27	10:38:38	13343.349	461.42108	2142.0168	39.6333	55.0003	31.2777	37.8524	0.00250441	10.9594	54.4998	-240.25	0.45345	14.6597	121
DATA	1666885119	305876016	5217	0	""	2022-10-27	10:38:39	13295.913	461.23544	2151.3679	39.6324	55.0003	31.2736	37.8524	0.00251961	10.959	54.4998	-152.25	0.45345	14.6597	 96
DATA	1666885120	305546998	5221	0	""	2022-10-27	10:38:40	13244.025	461.24316	2171.3369	39.6316	55.0003	31.2695	37.8524	0.00251771	10.9599	54.4998	-152	0.45345	14.6617	233
DATA	1666885121	305546998	5225	0	""	2022-10-27	10:38:41	13209.975	459.40259	2191.8469	39.6308	55.0003	31.2658	37.8524	0.00250558	10.9601	54.4998	89.5	0.45345	14.6617	 18
DATA	1666885122	305546998	5229	0	""	2022-10-27	10:38:42	13149.658	458.77487	2178.1008	39.6308	55.0003	31.2654	37.8524	0.00251127	10.9602	54.4998	-9.75	0.45345	14.6617	 58
DATA	1666885123	305546998	5233	0	""	2022-10-27	10:38:43	13079.428	460.16687	2164.0801	39.6312	55.0003	31.265	37.8524	0.00250029	10.9607	54.4998	158.5	0.45345	14.6613	236
DATA	1666885124	305546998	5237	0	""	2022-10-27	10:38:44	13024.962	459.20465	2161.2002	39.6292	55.0003	31.265	37.8524	0.00248899	10.9603	54.4998	15.25	0.45345	14.6613	243
DATA	1666885125	305546998	5241	0	""	2022-10-27	10:38:45	12963.28	458.7381	2151.6067	39.6292	55.0003	31.265	37.8524	0.0024897	10.9608	54.4998	-43	0.45345	14.6609	 12
DATA	1666885126	305546998	5245	0	""	2022-10-27	10:38:46	12890.087	459.23621	2146.5356	39.6292	55.0003	31.265	37.8524	0.00248494	10.9607	54.4998	-6.75	0.45345	14.6613	 10
DATA	1666885127	305546998	5249	0	""	2022-10-27	10:38:47	12855.723	459.74704	2143.3794	39.6283	55.0003	31.2654	37.8524	0.00247365	10.9609	54.4998	-39.5	0.45345	14.6609	 77
DATA	1666885128	305218935	5253	0	""	2022-10-27	10:38:48	12838.013	458.65472	2134.6438	39.6279	55.0003	31.2642	37.8524	0.00247491	10.9614	54.4998	7.25	0.45345	14.6605	255
DATA	1666885129	305218935	5257	0	""	2022-10-27	10:38:49	12830.372	459.21597	2128.4807	39.6271	55.0003	31.265	37.8524	0.00247789	10.961	54.4998	-67	0.45345	14.6593	120
DATA	1666885130	305218935	5261	0	""	2022-10-27	10:38:50	12839.382	459.50507	2119.9731	39.6271	55.0003	31.2634	37.8524	0.00249507	10.9617	54.4998	-15.25	0.45345	14.6585	 85
DATA	1666885131	305218935	5265	0	""	2022-10-27	10:38:51	12861.821	459.49277	2110.9375	39.6275	55.0003	31.2617	37.8524	0.00251609	10.9609	54.4998	53.75	0.45345	14.6581	 51
DATA	1666885132	305218935	5269	0	""	2022-10-27	10:38:52	12881.688	459.84683	2106.989	39.6242	55.0003	31.263	37.8524	0.00243936	10.9614	54.4998	-621.5	0.45345	14.6581	  9
DATA	1666885133	305218935	5273	0	""	2022-10-27	10:38:53	12888.152	460.33322	2097.865	39.6263	55.0003	31.256	37.8524	0.0025259	10.9608	54.4998	-366	0.45345	14.6577	101
DATA	1666885134	305218935	5277	0	""	2022-10-27	10:38:54	12885.996	460.20584	2092.2544	39.6177	55.0003	31.2511	37.8524	0.00261729	10.9606	54.4998	-397.25	0.45345	14.6577	160
DATA	1666885135	304884910	5281	0	""	2022-10-27	10:38:55	12891.383	459.22089	2089.3286	39.6251	55.0003	31.2482	37.8524	0.0025853	10.9609	54.4998	-7.25	0.45345	14.6577	  8
DATA	1666885136	304884910	5285	0	""	2022-10-27	10:38:56	12873.056	458.20627	2085.8545	39.6292	55.0003	31.2507	37.8524	0.00246824	10.9608	54.4998	-3.25	0.45345	14.6573	 50
DATA	1666885137	304884910	5289	0	""	2022-10-27	10:38:57	12843.697	460.55899	2089.1221	39.63	55.0003	31.2482	37.8524	0.00249933	10.9606	54.4998	204.5	0.45345	14.6597	228
DATA	1666885138	304884910	5293	0	""	2022-10-27	10:38:58	12777.992	457.29611	2091.1936	39.632	55.0003	31.2523	37.8524	0.00241465	10.9613	54.4998	-18.75	0.45345	14.6601	 45
DATA	1666885139	304884910	5297	0	""	2022-10-27	10:38:59	12682.207	458.21091	2089.3748	39.6271	55.0003	31.2527	37.8524	0.00246756	10.9611	54.4998	209.75	0.45345	14.6597	122
DATA	1666885140	304884910	5301	0	""	2022-10-27	10:39:00	12612.544	458.12509	2087.8228	39.6247	55.0003	31.2527	37.8524	0.00246533	10.9616	54.4998	5.75	0.45345	14.6597	239
DATA	1666885141	304884910	5305	0	""	2022-10-27	10:39:01	12545.47	458.17969	2085.6021	39.6226	55.0003	31.2515	37.8524	0.00240788	10.9621	54.4998	-190.75	0.45345	14.6593	 84
DATA	1666885142	304884910	5309	0	""	2022-10-27	10:39:02	12484.415	459.00497	2084.5708	39.6251	55.0003	31.2494	37.8524	0.00244823	10.9618	54.4998	-139.25	0.45345	14.6589	145
DATA	1666885143	304558992	5313	0	""	2022-10-27	10:39:03	12432.278	457.93445	2081.3318	39.6292	55.0003	31.2519	37.8524	0.00233785	10.9625	54.4998	343.5	0.45345	14.6589	 53
DATA	1666885144	304558992	5317	0	""	2022-10-27	10:39:04	12353.504	458.03687	2077.8894	39.6259	55.0003	31.2552	37.8524	0.00236238	10.9629	54.4998	-52.75	0.45345	14.6585	117
DATA	1666885145	304558992	5321	0	""	2022-10-27	10:39:05	12244.234	457.50089	2076.3723	39.6255	55.0003	31.2527	37.8524	0.00232449	10.9628	54.4998	-0.5	0.45345	14.6589	242
DATA	1666885146	304558992	5325	0	""	2022-10-27	10:39:06	12171.298	457.16718	2075.3674	39.6197	55.0001	31.2515	37.8524	0.00238109	10.9633	54.4998	-362	0.45345	14.6573	  2
DATA	1666885147	304558992	5329	0	""	2022-10-27	10:39:07	12141.76	458.20331	2073.8003	39.6238	55.0003	31.2486	37.8524	0.0023371	10.9633	54.4998	46.75	0.45345	14.6569	198
DATA	1666885148	304558992	5333	0	""	2022-10-27	10:39:08	12127.802	458.22498	2073.0044	39.6218	55.0003	31.2474	37.8524	0.00244314	10.9631	54.4998	-98.5	0.45345	14.6566	 38
DATA	1666885149	304558992	5337	0	""	2022-10-27	10:39:09	12110.157	458.24487	2071.4441	39.6238	55.0003	31.2466	37.8524	0.00234265	10.9638	54.4998	161.5	0.45345	14.6566	 50
DATA	1666885150	304224014	5341	0	""	2022-10-27	10:39:10	12129.997	458.31525	2070.8596	39.6214	54.9997	31.2499	37.8524	0.00241045	10.963	54.4998	58.25	0.45345	14.6558	  7
DATA	1666885151	304224014	5345	0	""	2022-10-27	10:39:11	12164.094	460.12372	2069.4302	39.6238	54.9995	31.2544	37.8524	0.00233857	10.9643	54.4998	4	0.45345	14.6554	 86
DATA	1666885152	304224014	5349	0	""	2022-10-27	10:39:12	12236.348	460.7421	2067.9309	39.6193	54.9995	31.2515	37.8524	0.00245474	10.9633	54.4998	-228	0.45345	14.655	147
DATA	1666885153	304224014	5353	0	""	2022-10-27	10:39:13	12265.937	459.8129	2066.3513	39.6271	54.9997	31.249	37.8524	0.00235833	10.9625	54.4998	-23	0.45345	14.6554	103
DATA	1666885154	304224014	5357	0	""	2022-10-27	10:39:14	12223.133	460.44974	2064.5557	39.6197	55.0003	31.249	37.8524	0.00243592	10.9633	54.4998	293.75	0.45345	14.6577	 39
DATA	1666885155	304224014	5361	0	""	2022-10-27	10:39:15	12124.125	458.25705	2063.9841	39.6214	55.0003	31.2531	37.8524	0.00243271	10.963	54.4998	626.75	0.45345	14.6577	 11
DATA	1666885156	304224014	5365	0	""	2022-10-27	10:39:16	12017.347	458.04779	2062.7542	39.621	55.0003	31.256	37.8524	0.0024469	10.9631	54.4998	237.25	0.45345	14.6573	181
DATA	1666885157	304224014	5369	0	""	2022-10-27	10:39:17	11960.782	457.87564	2062.3984	39.6222	55.0003	31.2601	37.8524	0.00230781	10.9638	54.4998	17.25	0.45345	14.6573	 42
DATA	1666885158	303901910	5373	0	""	2022-10-27	10:39:18	11941.319	457.24292	2062.074	39.6218	55.0003	31.256	37.8524	0.00234287	10.9646	54.4998	-165	0.45345	14.6569	142
DATA	1666885159	303901910	5377	0	""	2022-10-27	10:39:19	11909.362	457.10654	2061.7788	39.6222	55.0003	31.2544	37.8524	0.00231427	10.9629	54.4998	143.5	0.45345	14.6569	 46
DATA	1666885160	303901910	5381	0	""	2022-10-27	10:39:20	11905.667	458.68057	2061.4944	39.6226	55.0003	31.2581	37.8524	0.00230416	10.9645	54.4998	62	0.45345	14.6566	137
DATA	1666885161	303901910	5385	0	""	2022-10-27	10:39:21	11936.121	459.20328	2061.281	39.6226	55.0003	31.2605	37.8524	0.00232134	10.9643	54.4998	-45.5	0.45345	14.6566	203
DATA	1666885162	303901910	5389	0	""	2022-10-27	10:39:22	11981.333	460.14819	2060.8652	39.6263	55.0003	31.2609	37.8524	0.00230669	10.9632	54.4998	356	0.45345	14.6554	191
DATA	1666885163	303901910	5393	0	""	2022-10-27	10:39:23	12024.355	461.0849	2060.7029	39.6247	55.0003	31.2671	37.8524	0.00232583	10.9635	54.4998	214.75	0.45345	14.6554	 21
DATA	1666885164	303901910	5397	0	""	2022-10-27	10:39:24	12110.9	461.67996	2060.4851	39.621	55.0003	31.2671	37.8524	0.00239874	10.9638	54.4998	-20.5	0.45345	14.655	 83
DATA	1666885165	303580999	5401	0	""	2022-10-27	10:39:25	12223.213	460.94815	2059.9321	39.6201	55.0003	31.2646	37.8524	0.00246809	10.9629	54.4998	-208.5	0.45345	14.6546	 82
DATA	1666885166	303580999	5405	0	""	2022-10-27	10:39:26	12260.693	459.59851	2059.5571	39.6206	55.0003	31.2617	37.8524	0.00247095	10.9625	54.4998	-88.5	0.45345	14.6542	 64
DATA	1666885167	303580999	5409	0	""	2022-10-27	10:39:27	12193.114	460.66586	2059.2742	39.6214	55.0003	31.2605	37.8524	0.00244109	10.963	54.4998	39.5	0.45345	14.6538	204
DATA	1666885168	303580999	5413	0	""	2022-10-27	10:39:28	12202.311	460.88763	2058.908	39.6234	55.0003	31.263	37.8524	0.0024182	10.9637	54.4998	306.5	0.45345	14.6534	142
DATA	1666885169	303580999	5417	0	""	2022-10-27	10:39:29	12345.96	462.06519	2058.7417	39.6226	55.0003	31.2675	37.8524	0.00245398	10.9627	54.4998	96.25	0.45345	14.6534	 30
DATA	1666885170	303580999	5421	0	""	2022-10-27	10:39:30	12545.73	461.2381	2058.6443	39.621	55.0003	31.2654	37.8524	0.00251945	10.9623	54.4998	-203.75	0.45345	14.6534	225
DATA	1666885171	303580999	5425	0	""	2022-10-27	10:39:31	12727.542	461.60138	2058.1921	39.6226	55.0003	31.263	37.8524	0.00258646	10.9608	54.4998	26.5	0.45345	14.6562	195
DATA	1666885172	303580999	5429	0	""	2022-10-27	10:39:32	12825.999	462.60669	2058.4087	39.6247	55.0003	31.265	37.8524	0.00256275	10.9607	54.4998	356	0.45345	14.6562	187
DATA	1666885173	303242921	5433	0	""	2022-10-27	10:39:33	12872.902	461.92572	2058.116	39.6255	55.0003	31.2687	37.8524	0.00258009	10.9607	54.4998	28.5	0.45345	14.6554	190
DATA	1666885174	303242921	5437	0	""	2022-10-27	10:39:34	12853	461.37497	2057.5344	39.6251	55.0003	31.2703	37.8524	0.00258946	10.9607	54.4998	52	0.45345	14.655	151
DATA	1666885175	303242921	5441	0	""	2022-10-27	10:39:35	12831.213	461.97433	2057.3096	39.6238	55.0003	31.2703	37.8524	0.00259438	10.9617	54.4998	-47.5	0.45345	14.655	233
DATA	1666885176	303242921	5445	0	""	2022-10-27	10:39:36	12848.9	461.74857	2057.3591	39.6234	55.0003	31.2679	37.8524	0.0026052	10.9607	54.4998	-48.25	0.45345	14.6546	206
DATA	1666885177	303242921	5449	0	""	2022-10-27	10:39:37	12890.939	462.8017	2057.2725	39.6234	55.0003	31.2658	37.8524	0.00262827	10.9604	54.4998	-41.25	0.45345	14.655	247
DATA	1666885178	303242921	5453	0	""	2022-10-27	10:39:38	12922.909	462.93933	2056.9548	39.6222	55.0003	31.2634	37.8524	0.00263597	10.9606	54.4998	-173.75	0.45345	14.6546	159
DATA	1666885179	303242921	5457	0	""	2022-10-27	10:39:39	12965.046	463.61844	2056.5542	39.6222	55.0003	31.2597	37.8524	0.00264628	10.9606	54.4998	0.5	0.45345	14.6534	201
DATA	1666885180	302908897	5461	0	""	2022-10-27	10:39:40	12990.411	463.39511	2056.8276	39.6263	55.0003	31.2581	37.8524	0.00259957	10.9602	54.4998	-4.5	0.45345	14.653	197
DATA	1666885181	302908897	5465	0	""	2022-10-27	10:39:41	13000.645	464.05344	2056.3491	39.6255	55.0003	31.2576	37.8524	0.0025621	10.9608	54.4998	67.25	0.45345	14.653	191
DATA	1666885182	302908897	5469	0	""	2022-10-27	10:39:42	13087.458	466.74765	2056.6477	39.6283	55.0003	31.2589	37.8524	0.00257123	10.9605	54.4998	38	0.45345	14.6522	188
DATA	1666885183	302908897	5473	0	""	2022-10-27	10:39:43	13207.067	467.38638	2056.4995	39.6292	55.0003	31.2621	37.8524	0.00257682	10.9596	54.4998	200.75	0.45345	14.6522	121
DATA	1666885184	302908897	5477	0	""	2022-10-27	10:39:44	13240.451	465.98972	2056.5889	39.63	55.0003	31.2667	37.8524	0.00256313	10.9597	54.4998	74.25	0.45345	14.6515	238
DATA	1666885185	302908897	5481	0	""	2022-10-27	10:39:45	13216.03	465.95245	2056.4658	39.6296	55.0003	31.2675	37.8524	0.00257543	10.9597	54.4998	154.75	0.45345	14.6515	 77
DATA	1666885186	302908897	5485	0	""	2022-10-27	10:39:46	13171.778	465.55905	2056.7712	39.6308	55.0003	31.2699	37.8524	0.00255343	10.9598	54.4998	122.25	0.45345	14.6515	130
DATA	1666885187	302908897	5489	0	""	2022-10-27	10:39:47	13097.202	464.53448	2056.4304	39.6287	55.0003	31.2732	37.8524	0.00254515	10.9602	54.4998	25	0.45345	14.6515	159
DATA	1666885188	302587032	5493	0	""	2022-10-27	10:39:48	13067.377	464.71817	2056.311	39.6296	55.0003	31.2703	37.8524	0.00256167	10.961	54.4998	-31.5	0.45345	14.6534	192
DATA	1666885189	302587032	5497	0	""	2022-10-27	10:39:49	13054.286	464.27112	2056.4717	39.6279	55.0003	31.2708	37.8524	0.00255534	10.9608	54.4998	113.75	0.45345	14.6534	105
DATA	1666885190	302587032	5501	0	""	2022-10-27	10:39:50	13038.375	464.03036	2056.6997	39.6275	55.0003	31.2716	37.8524	0.00255921	10.96	54.4998	31.25	0.45345	14.653	128
DATA	1666885191	302587032	5505	0	""	2022-10-27	10:39:51	13020.327	465.06781	2057.8904	39.6259	55.0003	31.2736	37.8524	0.00257014	10.9597	54.4998	300	0.45345	14.6518	186
DATA	1666885192	302587032	5509	0	""	2022-10-27	10:39:52	13002.987	464.09021	2057.9617	39.6328	55.0003	31.2769	37.8524	0.00263617	10.9607	54.4998	642.25	0.45345	14.6503	 92
DATA	1666885193	302587032	5513	0	""	2022-10-27	10:39:53	12977.424	463.49841	2057.6196	39.6316	55.0003	31.2814	37.8524	0.00250636	10.96	54.4998	589.5	0.45345	14.6503	205
DATA	1666885194	302587032	5517	0	""	2022-10-27	10:39:54	12943.983	463.51923	2057.0039	39.6304	55.0003	31.2888	37.8524	0.00255975	10.9606	54.4998	336	0.45345	14.6503	210
DATA	1666885195	302253007	5521	0	""	2022-10-27	10:39:55	12849.81	462.94302	2056.6587	39.6283	55.0003	31.2941	37.8524	0.00256801	10.9612	54.499	93.5	0.45345	14.6503	132
DATA	1666885196	302253007	5525	0	""	2022-10-27	10:39:56	12726.724	461.78473	2058.2993	39.6201	55.0003	31.2929	37.8524	0.00260268	10.9614	54.499	-1329	0.45345	14.6491	244
DATA	1666885197	302253007	5529	0	""	2022-10-27	10:39:57	12657.642	459.64142	2057.2788	39.6324	55.0003	31.2785	37.8524	0.00253666	10.9618	54.499	-197.75	0.45345	14.6499	122
DATA	1666885198	302253007	5533	0	""	2022-10-27	10:39:58	12672.43	464.91562	2054.5422	39.632	55.0003	31.2773	37.8524	0.00242424	10.9626	54.499	932.25	0.45345	14.6475	181
DATA	1666885199	302253007	5537	0	""	2022-10-27	10:39:59	12687.716	461.99927	2055.4485	39.6267	55.0003	31.288	37.8524	0.00251469	10.9652	54.499	495	0.45345	14.6452	134
DATA	1666885200	302253007	5541	0	""	2022-10-27	10:40:00	12707.022	462.14606	2055.9958	39.6267	55.0003	31.2937	37.8524	0.00259936	10.9646	54.499	506.75	0.45345	14.6448	 22
DATA	1666885201	302253007	5545	0	""	2022-10-27	10:40:01	12731.322	461.83218	2055.7998	39.6292	55.0003	31.3007	37.8524	0.0025708	10.9647	54.499	483.25	0.45345	14.6448	217
DATA	1666885202	302253007	5549	0	""	2022-10-27	10:40:02	12727.648	461.66434	2055.8784	39.6292	55.0003	31.306	37.8524	0.00256035	10.9643	54.499	323.5	0.45345	14.644	115
DATA	1666885203	301925897	5553	0	""	2022-10-27	10:40:03	12714.917	461.42188	2055.7192	39.6304	55.0003	31.3129	37.8524	0.00253097	10.9645	54.499	140	0.45345	14.644	 74
DATA	1666885204	301925897	5557	0	""	2022-10-27	10:40:04	12707.012	460.95703	2055.5164	39.6308	55.0003	31.3154	37.8524	0.0025181	10.9643	54.499	-12	0.45345	14.644	  3
DATA	1666885205	301925897	5561	0	""	2022-10-27	10:40:05	12680.392	461.16486	2055.5271	39.6308	55.0003	31.317	37.8524	0.00249574	10.9647	54.499	142.5	0.45345	14.6464	188
DATA	1666885206	301925897	5565	0	""	2022-10-27	10:40:06	12616.683	460.95709	2055.6284	39.6328	55.0003	31.3166	37.8524	0.00247721	10.964	54.499	-23	0.45345	14.6464	 93
DATA	1666885207	301925897	5569	0	""	2022-10-27	10:40:07	12573.002	460.07779	2055.4231	39.6324	55.0003	31.317	37.8524	0.00245756	10.9646	54.499	-66.5	0.45345	14.646	133
DATA	1666885208	301925897	5573	0	""	2022-10-27	10:40:08	12571.588	461.06604	2055.1599	39.632	55.0003	31.3154	37.8524	0.00245651	10.965	54.4986	107.75	0.45345	14.6456	247
DATA	1666885209	301925897	5577	0	""	2022-10-27	10:40:09	12622.517	461.21335	2055.4436	39.6316	55.0003	31.3134	37.8524	0.00247739	10.9649	54.499	88.5	0.45345	14.6456	201
DATA	1666885210	301590919	5581	0	""	2022-10-27	10:40:10	12714.402	460.46381	2054.9268	39.6316	55.0003	31.3162	37.8524	0.00248756	10.9644	54.499	-146.75	0.45345	14.6452	 61
DATA	1666885211	301590919	5585	0	""	2022-10-27	10:40:11	12703.735	459.2963	2054.8337	39.6308	55.0003	31.3121	37.8524	0.00248276	10.9637	54.499	-25.25	0.45345	14.6452	222
DATA	1666885212	301590919	5589	0	""	2022-10-27	10:40:12	12567.935	459.24939	2054.6592	39.632	55.0003	31.3072	37.8524	0.00242929	10.9645	54.499	-83.25	0.45345	14.6452	247
DATA	1666885213	301590919	5593	0	""	2022-10-27	10:40:13	12424.294	458.93027	2054.436	39.6316	55.0003	31.3072	37.8524	0.00239974	10.966	54.499	97.25	0.45345	14.644	 87
DATA	1666885214	301590919	5597	0	""	2022-10-27	10:40:14	12364.738	457.37692	2054.29	39.6316	55.0003	31.3093	37.8524	0.00239019	10.9659	54.499	-126.25	0.45345	14.6436	242
DATA	1666885215	301590919	5601	0	""	2022-10-27	10:40:15	12324.437	458.05176	2054.3103	39.6308	55.0003	31.3048	37.8524	0.002393	10.9656	54.499	-60.5	0.45345	14.6424	 98
DATA	1666885216	301590919	5605	0	""	2022-10-27	10:40:16	12279.939	457.50916	2054.2888	39.6308	55.0003	31.3027	37.8524	0.00237595	10.9657	54.499	-36.5	0.45345	14.6424	251
DATA	1666885217	301590919	5609	0	""	2022-10-27	10:40:17	12289.694	457.84613	2053.9971	39.6308	55.0003	31.3023	37.8524	0.00236716	10.9656	54.499	36	0.45345	14.6416	102
DATA	1666885218	301270961	5613	0	""	2022-10-27	10:40:18	12321.895	457.98691	2053.9507	39.6308	55.0003	31.3007	37.8524	0.00238745	10.9652	54.499	-8	0.45345	14.6413	 82
DATA	1666885219	301270961	5617	0	""	2022-10-27	10:40:19	12367.278	458.84579	2053.9353	39.63	55.0003	31.297	37.8524	0.00240726	10.9646	54.499	-58	0.45345	14.6409	  2
DATA	1666885220	301270961	5621	0	""	2022-10-27	10:40:20	12372.2	457.78177	2053.8003	39.6296	55.0003	31.2962	37.8524	0.0024037	10.9647	54.499	363.25	0.45345	14.6409	111
DATA	1666885221	301270961	5625	0	""	2022-10-27	10:40:21	12361.785	456.36246	2053.6511	39.63	55.0003	31.2978	37.8524	0.00239398	10.9652	54.499	-91.75	0.45345	14.6409	180
DATA	1666885222	301270961	5629	0	""	2022-10-27	10:40:22	12285.11	457.27963	2053.6018	39.63	55.0003	31.2966	37.8524	0.00237372	10.966	54.499	-106.5	0.45345	14.6432	 58
DATA	1666885223	301270961	5633	0	""	2022-10-27	10:40:23	12225.975	456.44229	2053.4465	39.6296	55.0003	31.2929	37.8524	0.00235986	10.9649	54.499	90	0.45345	14.6428	101
DATA	1666885224	301270961	5637	0	""	2022-10-27	10:40:24	12184.88	455.30161	2053.5972	39.6292	55.0003	31.2941	37.8524	0.00235014	10.9656	54.499	-30.25	0.45345	14.6424	205
DATA	1666885225	300935029	5641	0	""	2022-10-27	10:40:25	12158.549	456.24548	2053.2312	39.6279	55.0003	31.2912	37.8524	0.00235172	10.9659	54.499	-65.5	0.45345	14.642	170
DATA	1666885226	300935029	5645	0	""	2022-10-27	10:40:26	12182.737	455.83359	2053.282	39.6275	55.0003	31.2916	37.8524	0.00235648	10.9659	54.499	-152.25	0.45345	14.642	235
DATA	1666885227	300935029	5649	0	""	2022-10-27	10:40:27	12220.903	456.69104	2053.2034	39.6267	55.0003	31.288	37.8524	0.00236984	10.9647	54.4996	-107.25	0.45345	14.642	 19
DATA	1666885228	300935029	5653	0	""	2022-10-27	10:40:28	12251.51	456.94858	2053.3159	39.6279	55.0003	31.2847	37.8524	0.00239181	10.9653	54.4998	-163.25	0.45345	14.6432	 87
DATA	1666885229	300935029	5657	0	""	2022-10-27	10:40:29	12272.591	455.34006	2053.1997	39.6271	55.0003	31.2822	37.8524	0.00238434	10.9649	54.4998	-55.75	0.45345	14.6436	 90
DATA	1666885230	300935029	5661	0	""	2022-10-27	10:40:30	12268.96	455.20651	2053.4463	39.6271	55.0003	31.2822	37.8524	0.00238437	10.9664	54.4998	-26.25	0.45345	14.642	212
DATA	1666885231	300935029	5665	0	""	2022-10-27	10:40:31	12253.463	455.69098	2053.0349	39.6275	55.0003	31.2806	37.8524	0.00238169	10.9654	54.4998	40.75	0.45345	14.642	238
DATA	1666885232	300935029	5669	0	""	2022-10-27	10:40:32	12235.89	455.68359	2053.0859	39.6263	55.0003	31.2806	37.8524	0.00238975	10.9654	54.4998	-253.25	0.45345	14.6413	 95
DATA	1666885233	300611019	5673	0	""	2022-10-27	10:40:33	12200.452	456.16113	2052.8743	39.6263	55.0003	31.2753	37.8524	0.0023812	10.9661	54.4998	-41.5	0.45345	14.6413	183
DATA	1666885234	300611019	5677	0	""	2022-10-27	10:40:34	12153.879	455.20782	2053.3062	39.6259	55.0003	31.2732	37.8524	0.00237128	10.9653	54.4998	98	0.45345	14.6405	132
DATA	1666885235	300611019	5681	0	""	2022-10-27	10:40:35	12137.77	454.45142	2052.8362	39.6259	55.0003	31.2732	37.8524	0.00236783	10.9659	54.4998	36.5	0.45345	14.6397	189
DATA	1666885236	300611019	5685	0	""	2022-10-27	10:40:36	12130.371	454.69348	2053.0559	39.6255	55.0003	31.2748	37.8524	0.00235989	10.9666	54.4998	16.25	0.45345	14.6393	 44
DATA	1666885237	300611019	5689	0	""	2022-10-27	10:40:37	12101.887	455.90726	2053.1445	39.6259	55.0003	31.2736	37.8524	0.00237562	10.966	54.4998	-20.75	0.45345	14.6401	 21
DATA	1666885238	300611019	5693	0	""	2022-10-27	10:40:38	12111.222	455.67407	2052.8843	39.6259	55.0003	31.2748	37.8524	0.00237375	10.9665	54.4998	48.5	0.45345	14.6401	234
DATA	1666885239	300611019	5697	0	""	2022-10-27	10:40:39	12126.766	455.7818	2052.8252	39.6283	55.0005	31.2724	37.8524	0.00237565	10.966	54.4998	-78.75	0.45345	14.6424	254
DATA	1666885240	300277948	5701	0	""	2022-10-27	10:40:40	12120.447	455.75958	2052.988	39.6345	55.0006	31.2736	37.8524	0.00223036	10.9662	54.4998	317.75	0.45345	14.642	239
DATA	1666885241	300277948	5705	0	""	2022-10-27	10:40:41	12093.492	456.65836	2053.3569	39.6275	55.0006	31.2765	37.8524	0.00233762	10.9656	54.4998	-177	0.45345	14.642	205
DATA	1666885242	300277948	5709	0	""	2022-10-27	10:40:42	12084.192	454.11676	2052.5222	39.6206	55.0008	31.2699	37.8524	0.0024299	10.9668	54.4998	-389.25	0.45345	14.6409	 99
DATA	1666885243	300277948	5713	0	""	2022-10-27	10:40:43	12101.247	457.38376	2052.9971	39.621	55.001	31.2626	37.8524	0.00247663	10.966	54.4998	-310.5	0.45345	14.6405	173
DATA	1666885244	300277948	5717	0	""	2022-10-27	10:40:44	12157.992	456.34314	2053.0322	39.623	55.001	31.2597	37.8524	0.00243454	10.9653	54.4998	139	0.45345	14.6409	 88
DATA	1666885245	300277948	5721	0	""	2022-10-27	10:40:45	12210.521	455.45786	2052.8772	39.6242	55.001	31.2617	37.8524	0.00241833	10.9651	54.4998	-29	0.45345	14.6409	129
DATA	1666885246	300277948	5725	0	""	2022-10-27	10:40:46	12264.156	456.41547	2052.9639	39.6247	55.001	31.2605	37.8524	0.00242606	10.9659	54.4998	5.75	0.45345	14.6405	203
DATA	1666885247	300277948	5729	0	""	2022-10-27	10:40:47	12271.462	457.46179	2053.1064	39.6247	55.001	31.2597	37.8524	0.00243226	10.965	54.4998	-20.5	0.45345	14.6393	192
DATA	1666885248	299952030	5733	0	""	2022-10-27	10:40:48	12208.139	456.19687	2053.0186	39.6247	55.001	31.2597	37.8524	0.00240931	10.9654	54.4998	-28	0.45345	14.6389	162
DATA	1666885249	299952030	5737	0	""	2022-10-27	10:40:49	12190.729	456.75729	2052.9817	39.6255	55.001	31.2605	37.8524	0.00241129	10.9657	54.4998	-98.75	0.45345	14.6381	 70
DATA	1666885250	299952030	5741	0	""	2022-10-27	10:40:50	12238.992	457.841	2053.1277	39.6263	55.001	31.2572	37.8524	0.00242366	10.9652	54.4998	62.5	0.45345	14.6381	 83
DATA	1666885251	299952030	5745	0	""	2022-10-27	10:40:51	12302.336	457.49356	2052.9062	39.6247	55.001	31.2576	37.8524	0.00242322	10.9651	54.4998	-15	0.45345	14.6369	129
DATA	1666885252	299952030	5749	0	""	2022-10-27	10:40:52	12352.797	457.71313	2052.895	39.6251	55.001	31.2564	37.8524	0.00244617	10.9652	54.4998	-76.25	0.45345	14.6369	254
DATA	1666885253	299952030	5753	0	""	2022-10-27	10:40:53	12436.672	457.36758	2053.0349	39.6251	55.001	31.2523	37.8524	0.00246533	10.9648	54.4998	-68.5	0.45345	14.6365	249
DATA	1666885254	299952030	5757	0	""	2022-10-27	10:40:54	12565.775	457.49966	2053.2207	39.6255	55.001	31.2499	37.8524	0.00250473	10.965	54.4998	-56	0.45345	14.6365	119
DATA	1666885255	299618959	5761	0	""	2022-10-27	10:40:55	12748.727	458.12686	2052.979	39.6255	55.001	31.2494	37.8524	0.00255194	10.9628	54.4998	-44	0.45345	14.6365	140
DATA	1666885256	299618959	5765	0	""	2022-10-27	10:40:56	12927.455	458.89413	2053.082	39.6259	55.001	31.249	37.8524	0.00259519	10.9633	54.4998	23.5	0.45345	14.6393	136
DATA	1666885257	299618959	5769	0	""	2022-10-27	10:40:57	13047.544	458.63928	2053.1646	39.6267	55.001	31.2474	37.8524	0.00261741	10.9627	54.4998	28.25	0.45345	14.6389	 39
DATA	1666885258	299618959	5773	0	""	2022-10-27	10:40:58	13173.43	459.07309	2052.8762	39.6263	55.001	31.2462	37.8524	0.002643	10.9628	54.4998	-78	0.45345	14.6389	 28
DATA	1666885259	299618959	5777	0	""	2022-10-27	10:40:59	13302.619	458.64417	2052.8779	39.6271	55.001	31.2429	37.8524	0.00268153	10.9621	54.4998	62	0.45345	14.6385	140
DATA	1666885260	299618959	5781	0	""	2022-10-27	10:41:00	13453.931	458.90073	2052.9697	39.6271	55.001	31.2429	37.8524	0.00269948	10.9615	54.4998	37.75	0.45345	14.6385	 31
DATA	1666885261	299618959	5785	0	""	2022-10-27	10:41:01	13588.202	458.4411	2052.801	39.6279	55.001	31.2421	37.8524	0.00272791	10.9613	54.4998	-5.75	0.45345	14.6377	147
DATA	1666885262	299618959	5789	0	""	2022-10-27	10:41:02	13702.068	460.08963	2053.1399	39.6292	55.001	31.2425	37.8524	0.00276428	10.9603	54.4998	20.25	0.45345	14.6381	  3
DATA	1666885263	299293041	5793	0	""	2022-10-27	10:41:03	13807.614	460.66043	2053.0862	39.6304	55.001	31.2421	37.8524	0.00278115	10.9608	54.4998	-90.75	0.45345	14.6377	 23
DATA	1666885264	299293041	5797	0	""	2022-10-27	10:41:04	13894.982	459.85339	2053.1638	39.63	55.001	31.238	37.8524	0.00280502	10.9602	54.4998	-59	0.45345	14.6365	  9
DATA	1666885265	299293041	5801	0	""	2022-10-27	10:41:05	13964.89	460.758	2053.1848	39.6304	55.001	31.2372	37.8524	0.00280692	10.9603	54.4998	88.5	0.45345	14.6358	 54
DATA	1666885266	299293041	5805	0	""	2022-10-27	10:41:06	14043.04	460.90079	2053.0552	39.6312	55.001	31.24	37.8524	0.00280147	10.9601	54.4998	45.5	0.45345	14.6358	  9
DATA	1666885267	299293041	5809	0	""	2022-10-27	10:41:07	14134.93	461.8114	2053.1316	39.6324	55.001	31.2413	37.8524	0.00281633	10.9594	54.4998	65.75	0.45345	14.6354	133
DATA	1666885268	299293041	5813	0	""	2022-10-27	10:41:08	14231.465	462.04413	2053.1406	39.6328	55.001	31.2413	37.8524	0.00283757	10.9591	54.4998	-29.5	0.45345	14.6346	227
DATA	1666885269	299293041	5817	0	""	2022-10-27	10:41:09	14316.8	462.42734	2053.0208	39.6333	55.001	31.24	37.8524	0.00284752	10.9593	54.4998	10.75	0.45345	14.6346	 35
DATA	1666885270	298959016	5821	0	""	2022-10-27	10:41:10	14394.804	461.63391	2053.0056	39.6333	55.001	31.2384	37.8524	0.00285312	10.959	54.4998	-23.75	0.45345	14.6346	230
DATA	1666885271	298959016	5825	0	""	2022-10-27	10:41:11	14467.372	462.06448	2053.0339	39.6333	55.001	31.2376	37.8524	0.00287029	10.9592	54.4998	59.75	0.45345	14.6346	  8
DATA	1666885272	298959016	5829	0	""	2022-10-27	10:41:12	14545.197	462.35565	2053.0759	39.6341	55.001	31.2392	37.8524	0.00287342	10.9582	54.4998	-24.25	0.45345	14.635	253
DATA	1666885273	298959016	5833	0	""	2022-10-27	10:41:13	14617.981	463.42703	2053.0486	39.6365	55.001	31.238	37.8524	0.00291548	10.9584	54.4998	31	0.45345	14.6369	 63
DATA	1666885274	298959016	5837	0	""	2022-10-27	10:41:14	14687.261	464.28976	2053.0903	39.6443	55.001	31.2417	37.8524	0.00272992	10.9575	54.4998	598.5	0.45345	14.6365	 31
DATA	1666885275	298959016	5841	0	""	2022-10-27	10:41:15	14766.476	463.90094	2053.0613	39.6398	55.001	31.2462	37.8524	0.00284802	10.9576	54.4998	-30.75	0.45345	14.6362	 54
DATA	1666885276	298959016	5845	0	""	2022-10-27	10:41:16	14823.004	463.93604	2053.0325	39.6374	55.001	31.2433	37.8524	0.00291438	10.9566	54.4998	-173	0.45345	14.6362	193
DATA	1666885277	298959016	5849	0	""	2022-10-27	10:41:17	14867.998	464.68073	2053.0022	39.6369	55.001	31.2396	37.8524	0.00294285	10.9585	54.4998	-77.75	0.45345	14.6358	100
DATA	1666885278	298633098	5853	0	""	2022-10-27	10:41:18	14917.745	464.36411	2053.147	39.6369	55.0012	31.2363	37.8524	0.00295432	10.9569	54.4998	-32.5	0.45345	14.6362	  5
DATA	1666885279	298633098	5857	0	""	2022-10-27	10:41:19	14973.482	465.10883	2053.1274	39.6369	55.0014	31.2351	37.8524	0.00296074	10.9567	54.4998	-33.5	0.45345	14.6358	 73
DATA	1666885280	298633098	5861	0	""	2022-10-27	10:41:20	15028.409	465.45627	2053.0991	39.6374	55.0016	31.2359	37.8524	0.00297838	10.957	54.4998	110.5	0.45345	14.6358	 12
DATA	1666885281	298633098	5865	0	""	2022-10-27	10:41:21	15052.53	465.02496	2053.083	39.6386	55.0018	31.2376	37.8524	0.00296603	10.9569	54.4998	88.5	0.45345	14.6346	171
DATA	1666885282	298633098	5869	0	""	2022-10-27	10:41:22	15096.959	466.4119	2053.0691	39.6378	55.0018	31.2372	37.8524	0.00297218	10.9569	54.4998	3.75	0.45345	14.6342	238
DATA	1666885283	298633098	5873	0	""	2022-10-27	10:41:23	15147.051	465.62259	2053.1145	39.6374	55.0018	31.2351	37.8524	0.00298263	10.9567	54.4998	-66	0.45345	14.6334	207
DATA	1666885284	298633098	5877	0	""	2022-10-27	10:41:24	15147.865	465.88684	2053.0637	39.6398	55.0018	31.2335	37.8524	0.0029783	10.9562	54.4998	173	0.45345	14.6334	197
DATA	1666885285	298300027	5881	0	""	2022-10-27	10:41:25	15011.817	464.01077	2053.2505	39.6398	55.0014	31.2355	37.8524	0.00292059	10.9562	54.4998	65.25	0.45345	14.6326	 30
DATA	1666885286	298300027	5885	0	""	2022-10-27	10:41:26	14777.709	462.18756	2053.0625	39.6402	55.001	31.2392	37.8524	0.00284016	10.9569	54.4998	67	0.45345	14.633	 57
DATA	1666885287	298300027	5889	0	""	2022-10-27	10:41:27	14549.986	463.37155	2053.0254	39.639	55.001	31.2404	37.8524	0.00278873	10.958	54.4998	70.75	0.45345	14.6322	168
DATA	1666885288	298300027	5893	0	""	2022-10-27	10:41:28	14384.35	463.15259	2053.2412	39.6394	55.001	31.2425	37.8524	0.00275379	10.9587	54.4998	135.5	0.45345	14.6322	201
DATA	1666885289	298300027	5897	0	""	2022-10-27	10:41:29	14254.796	462.14587	2053.0466	39.6398	55.001	31.2441	37.8524	0.00269815	10.9594	54.4998	44.75	0.45345	14.6346	 28
DATA	1666885290	298300027	5901	0	""	2022-10-27	10:41:30	14155.42	462.31216	2053.114	39.6382	55.001	31.2474	37.8524	0.00268236	10.9596	54.4998	-4	0.45345	14.6346	212
DATA	1666885291	298300027	5905	0	""	2022-10-27	10:41:31	14053.009	462.67645	2053.1733	39.639	55.001	31.2458	37.8524	0.00266434	10.9602	54.4998	-4	0.45345	14.6342	 16
DATA	1666885292	298300027	5909	0	""	2022-10-27	10:41:32	13881.321	464.77151	2053.1946	39.6382	55.001	31.2474	37.8524	0.00260331	10.96	54.4998	122	0.45345	14.6342	 19
DATA	1666885293	297975063	5913	0	""	2022-10-27	10:41:33	13740.349	464.23801	2053.3906	39.6386	55.001	31.249	37.8524	0.00257327	10.9609	54.4998	29.5	0.45345	14.6338	160
DATA	1666885294	297975063	5917	0	""	2022-10-27	10:41:34	13610.687	465.64041	2053.51	39.6378	55.001	31.249	37.8524	0.00255175	10.9597	54.4998	13.25	0.45345	14.6334	106
DATA	1666885295	297975063	5921	0	""	2022-10-27	10:41:35	13537.482	466.28165	2053.3245	39.6374	55.001	31.249	37.8524	0.00254836	10.9613	54.4998	24.75	0.45345	14.633	159
DATA	1666885296	297975063	5925	0	""	2022-10-27	10:41:36	13552.096	466.90057	2053.6582	39.6365	55.001	31.2482	37.8524	0.00255593	10.961	54.4998	30.75	0.45345	14.6334	217
DATA	1666885297	297975063	5929	0	""	2022-10-27	10:41:37	13578.997	465.97357	2053.7097	39.6361	55.001	31.2507	37.8524	0.00257284	10.9611	54.4998	28	0.45345	14.633	 95
DATA	1666885298	297975063	5933	0	""	2022-10-27	10:41:38	13577.275	466.58563	2053.6746	39.6369	55.001	31.2499	37.8524	0.00257553	10.9605	54.4998	-83.5	0.45345	14.6318	 40
DATA	1666885299	297975063	5937	0	""	2022-10-27	10:41:39	13539.451	466.73984	2053.6169	39.6349	55.001	31.2474	37.8524	0.00257826	10.961	54.4998	-60.5	0.45345	14.6311	229
DATA	1666885300	297641992	5941	0	""	2022-10-27	10:41:40	13488.215	465.40738	2053.6196	39.6353	55.001	31.247	37.8524	0.00256982	10.9612	54.4998	-34	0.45345	14.6311	 88
DATA	1666885301	297641992	5945	0	""	2022-10-27	10:41:41	13445.534	463.73993	2053.4609	39.6345	55.001	31.2466	37.8524	0.00255388	10.962	54.4998	-24.75	0.45345	14.6307	  1
DATA	1666885302	297641992	5949	0	""	2022-10-27	10:41:42	13382.594	465.62949	2053.5923	39.6341	55.001	31.2466	37.8524	0.00254845	10.9604	54.4998	-45.5	0.45345	14.6303	  1
DATA	1666885303	297641992	5953	0	""	2022-10-27	10:41:43	13322.298	464.612	2053.113	39.6337	55.001	31.2449	37.8524	0.00254905	10.9615	54.4998	-75.5	0.45345	14.6299	 91
DATA	1666885304	297641992	5957	0	""	2022-10-27	10:41:44	13282.827	464.48868	2053.3623	39.6333	55.001	31.2445	37.8524	0.00253577	10.9614	54.4998	-41	0.45345	14.6299	167
DATA	1666885305	297641992	5961	0	""	2022-10-27	10:41:45	13304.21	464.32202	2053.4592	39.6328	55.001	31.2425	37.8524	0.00255192	10.9609	54.4998	68.5	0.45345	14.6299	142
DATA	1666885306	297641992	5965	0	""	2022-10-27	10:41:46	13355.501	464.2489	2053.2217	39.6361	55.001	31.2425	37.8524	0.00252469	10.9612	54.4998	212.25	0.45345	14.6326	238
DATA	1666885307	297641992	5969	0	""	2022-10-27	10:41:47	13324.095	463.56992	2053.1553	39.6361	55.001	31.2458	37.8524	0.00247695	10.9618	54.4998	95.75	0.45345	14.6326	 32
DATA	1666885308	297322034	5973	0	""	2022-10-27	10:41:48	13243.944	462.27542	2052.9299	39.6333	55.001	31.2462	37.8524	0.00252847	10.9611	54.4998	-162.75	0.45345	14.6314	 84
DATA	1666885309	297322034	5977	0	""	2022-10-27	10:41:49	13171.668	463.48068	2053.3054	39.6304	55.001	31.2417	37.8524	0.00254615	10.9616	54.4998	-99.5	0.45345	14.6314	244
DATA	1666885310	297322034	5981	0	""	2022-10-27	10:41:50	13129.746	463.26892	2052.9607	39.6308	55.001	31.2408	37.8524	0.00255788	10.9622	54.4998	-12.75	0.45345	14.6314	 30
DATA	1666885311	297322034	5985	0	""	2022-10-27	10:41:51	13106.985	462.07977	2052.864	39.6296	55.001	31.2392	37.8524	0.00253929	10.962	54.4998	-60.25	0.45345	14.6311	190
DATA	1666885312	297322034	5989	0	""	2022-10-27	10:41:52	13102.694	462.51865	2053.0625	39.6312	55.001	31.238	37.8524	0.00255563	10.9624	54.4998	-59	0.45345	14.6314	 76
DATA	1666885313	297322034	5993	0	""	2022-10-27	10:41:53	13213.899	462.80399	2052.9519	39.6312	55.001	31.2355	37.8524	0.00259207	10.9613	54.4998	1.5	0.45345	14.6311	134
DATA	1666885314	297322034	5997	0	""	2022-10-27	10:41:54	13158.06	461.96121	2052.9504	39.6304	55.001	31.2384	37.8524	0.00256831	10.9619	54.4998	-34.75	0.45345	14.6311	226
DATA	1666885315	296978950	6001	0	""	2022-10-27	10:41:55	13026.977	461.30734	2052.7976	39.6308	55.001	31.2367	37.8524	0.00252463	10.9621	54.4998	140.5	0.45345	14.6295	248
DATA	1666885316	296978950	6005	0	""	2022-10-27	10:41:56	12946.649	460.35413	2052.6936	39.6308	55.001	31.2396	37.8524	0.00250015	10.9631	54.4998	78.75	0.45345	14.6295	  8
DATA	1666885317	296978950	6009	0	""	2022-10-27	10:41:57	12895.754	460.10837	2052.687	39.63	55.001	31.24	37.8524	0.00249229	10.9625	54.4996	-68.25	0.45345	14.6279	 65
DATA	1666885318	296978950	6013	0	""	2022-10-27	10:41:58	12845.74	461.39392	2052.7815	39.6292	55.001	31.2408	37.8524	0.00248236	10.9627	54.4996	76.5	0.45345	14.6271	165
DATA	1666885319	296978950	6017	0	""	2022-10-27	10:41:59	12830.185	460.47528	2052.4629	39.6292	55.001	31.2413	37.8524	0.00247782	10.962	54.4996	47.75	0.45345	14.6275	218
DATA	1666885320	296978950	6021	0	""	2022-10-27	10:42:00	12857.404	461.65393	2052.5625	39.63	55.001	31.2425	37.8524	0.00249475	10.9623	54.4998	-40.25	0.45345	14.6271	173
DATA	1666885321	296978950	6025	0	""	2022-10-27	10:42:01	12925.427	460.91455	2052.4275	39.6287	55.001	31.2392	37.8524	0.00251192	10.9633	54.4998	-103.75	0.45345	14.6275	 81
DATA	1666885322	296978950	6029	0	""	2022-10-27	10:42:02	13006.313	461.1767	2052.6851	39.6292	55.0014	31.2355	37.8524	0.00254016	10.9623	54.4998	-52	0.45345	14.6275	125
DATA	1666885323	296655893	6033	0	""	2022-10-27	10:42:03	13093.256	461.75998	2052.6401	39.6296	55.0018	31.2359	37.8524	0.00256377	10.9618	54.4998	-30.75	0.45345	14.6295	112
DATA	1666885324	296655893	6037	0	""	2022-10-27	10:42:04	13178.031	461.14026	2052.6038	39.63	55.0018	31.2339	37.8524	0.00258042	10.9614	54.4998	-43.5	0.45345	14.6299	178
DATA	1666885325	296655893	6041	0	""	2022-10-27	10:42:05	13265.65	462.34885	2052.6719	39.6292	55.0018	31.2318	37.8524	0.00261812	10.9616	54.4998	56.75	0.45345	14.6295	 11
DATA	1666885326	296655893	6045	0	""	2022-10-27	10:42:06	13353.086	462.47842	2052.7012	39.63	55.0018	31.2363	37.8524	0.00264091	10.961	54.4998	-14	0.45345	14.6299	 37
DATA	1666885327	296655893	6049	0	""	2022-10-27	10:42:07	13433.115	460.90799	2052.6548	39.6308	55.0014	31.2318	37.8524	0.00264808	10.9616	54.4998	-146.75	0.45345	14.6287	164
DATA	1666885328	296655893	6053	0	""	2022-10-27	10:42:08	13533.432	461.9996	2052.5181	39.6312	55.0014	31.229	37.8524	0.00268178	10.9607	54.4998	-73.75	0.45345	14.6287	  9
DATA	1666885329	296655893	6057	0	""	2022-10-27	10:42:09	13678.486	462.27472	2052.7227	39.6304	55.001	31.2273	37.8524	0.00272607	10.9604	54.4998	28.25	0.45345	14.6283	  8
DATA	1666885330	296324014	6061	0	""	2022-10-27	10:42:10	13811.587	463.64807	2052.7754	39.6312	55.001	31.2269	37.8524	0.00275042	10.961	54.4998	18.25	0.45345	14.6287	173
DATA	1666885331	296324014	6065	0	""	2022-10-27	10:42:11	13914.689	463.00583	2052.5476	39.6308	55.001	31.2265	37.8524	0.00277579	10.9599	54.4998	4.5	0.45345	14.6271	148
DATA	1666885332	296324014	6069	0	""	2022-10-27	10:42:12	14018.679	462.65894	2052.6531	39.6316	55.001	31.2257	37.8524	0.0027847	10.9587	54.4998	-59.25	0.45345	14.6271	250
DATA	1666885333	296324014	6073	0	""	2022-10-27	10:42:13	14118.341	463.40601	2052.7078	39.6316	55.001	31.2228	37.8524	0.00282018	10.9588	54.4998	-43.25	0.45345	14.6263	255
DATA	1666885334	296324014	6077	0	""	2022-10-27	10:42:14	14211.433	464.1218	2052.7388	39.6333	55.001	31.2236	37.8524	0.00283503	10.9581	54.4998	-21.75	0.45345	14.6263	207
DATA	1666885335	296324014	6081	0	""	2022-10-27	10:42:15	14305.074	463.85147	2052.7322	39.6341	55.001	31.2232	37.8524	0.00284752	10.9579	54.4996	-14	0.45345	14.6256	114
DATA	1666885336	296324014	6085	0	""	2022-10-27	10:42:16	14395.115	464.04846	2052.6785	39.6333	55.001	31.224	37.8524	0.00286503	10.9576	54.4996	94.5	0.45345	14.6236	140
DATA	1666885337	296324014	6089	0	""	2022-10-27	10:42:17	14484.699	464.45517	2052.696	39.6337	55.001	31.2253	37.8524	0.00287996	10.9579	54.4998	82.75	0.45345	14.6244	238
DATA	1666885338	295998096	6093	0	""	2022-10-27	10:42:18	14563.207	464.74911	2052.8711	39.6357	55.001	31.2273	37.8524	0.0028867	10.9578	54.4998	165.75	0.45345	14.6252	 26
DATA	1666885339	295998096	6097	0	""	2022-10-27	10:42:19	14622.004	464.99734	2052.533	39.6357	55.001	31.2265	37.8524	0.00289537	10.9578	54.4998	159.5	0.45345	14.6256	239
DATA	1666885340	295998096	6101	0	""	2022-10-27	10:42:20	14674.747	465.04398	2052.5166	39.6378	55.001	31.2245	37.8524	0.00289147	10.9568	54.4998	-93.25	0.45345	14.6279	 68
DATA	1666885341	295998096	6105	0	""	2022-10-27	10:42:21	14729.266	464.96371	2053.0046	39.6361	55.001	31.2232	37.8524	0.00290255	10.9576	54.4998	142.5	0.45345	14.6275	244
DATA	1666885342	295998096	6109	0	""	2022-10-27	10:42:22	14768.494	465.24112	2052.4712	39.6374	55.001	31.2245	37.8524	0.00288362	10.9573	54.4998	-33	0.45345	14.6271	148
DATA	1666885343	295998096	6113	0	""	2022-10-27	10:42:23	14803.616	465.59924	2052.6499	39.6382	55.001	31.2232	37.8524	0.00289802	10.9568	54.4998	39.5	0.45345	14.6267	228
DATA	1666885344	295998096	6117	0	""	2022-10-27	10:42:24	14853.601	466.17871	2052.8735	39.6382	55.001	31.2245	37.8524	0.00290724	10.9574	54.4998	-96.5	0.45345	14.6267	 12
DATA	1666885345	295661926	6121	0	""	2022-10-27	10:42:25	14912.031	466.17026	2052.7271	39.6378	55.001	31.2245	37.8524	0.00291657	10.9563	54.4998	90.25	0.45345	14.6267	241
DATA	1666885346	295661926	6125	0	""	2022-10-27	10:42:26	14973.511	466.478	2052.8882	39.6394	55.001	31.2257	37.8524	0.00291117	10.9559	54.4998	-68.25	0.45345	14.6267	220
DATA	1666885347	295661926	6129	0	""	2022-10-27	10:42:27	15030.27	467.18393	2052.6982	39.6394	55.001	31.2265	37.8524	0.00293429	10.9562	54.4998	25.25	0.45345	14.6263	211
DATA	1666885348	295661926	6133	0	""	2022-10-27	10:42:28	15084.562	468.03165	2052.7942	39.6402	55.001	31.2261	37.8524	0.00294266	10.9561	54.4998	63.75	0.45345	14.6252	248
DATA	1666885349	295661926	6137	0	""	2022-10-27	10:42:29	15128.655	467.36502	2052.7705	39.6406	55.0014	31.224	37.8524	0.00294943	10.9564	54.4998	-15.5	0.45345	14.6248	255
DATA	1666885350	295661926	6141	0	""	2022-10-27	10:42:30	15171.932	468.4906	2053.0544	39.6406	55.0014	31.2236	37.8524	0.00296489	10.9551	54.4998	71.75	0.45345	14.6244	245
DATA	1666885351	295661926	6145	0	""	2022-10-27	10:42:31	15215.425	468.32132	2052.6338	39.6414	55.0018	31.2249	37.8524	0.00294672	10.9554	54.4998	-13.75	0.45345	14.624	 28
DATA	1666885352	295661926	6149	0	""	2022-10-27	10:42:32	15249.135	468.28278	2052.717	39.6414	55.0014	31.2249	37.8524	0.00296139	10.9552	54.4998	-16.25	0.45345	14.624	250
DATA	1666885353	295337915	6153	0	""	2022-10-27	10:42:33	15283.825	469.07135	2052.7395	39.6423	55.0014	31.2249	37.8524	0.00295811	10.9554	54.4998	76.25	0.45345	14.6236	 52
DATA	1666885354	295337915	6157	0	""	2022-10-27	10:42:34	15315.55	468.73438	2052.7903	39.6427	55.0014	31.2265	37.8524	0.00297565	10.9556	54.4998	-25	0.45345	14.6232	158
DATA	1666885355	295337915	6161	0	""	2022-10-27	10:42:35	15356.734	469.34583	2052.8652	39.6419	55.001	31.2249	37.8524	0.00297462	10.9555	54.4998	-8.25	0.45345	14.6232	  5
DATA	1666885356	295337915	6165	0	""	2022-10-27	10:42:36	15393.359	470.03931	2052.7185	39.6431	55.001	31.2232	37.8524	0.00298472	10.9545	54.4998	-0.75	0.45345	14.6228	245
DATA	1666885357	295337915	6169	0	""	2022-10-27	10:42:37	15430.549	469.74371	2052.9058	39.6435	55.001	31.2245	37.8524	0.00298236	10.9556	54.4996	167	0.45345	14.6256	177
DATA	1666885358	295337915	6173	0	""	2022-10-27	10:42:38	15466.03	470.42175	2052.9236	39.6435	55.001	31.2257	37.8524	0.00297354	10.9542	54.4996	8.75	0.45345	14.6256	157
DATA	1666885359	295337915	6177	0	""	2022-10-27	10:42:39	15497.225	469.07581	2052.7593	39.6447	55.001	31.2261	37.8524	0.00296816	10.955	54.4996	2.5	0.45345	14.624	 70
DATA	1666885360	295005083	6181	0	""	2022-10-27	10:42:40	15525.161	470.6088	2052.8374	39.6455	55.001	31.2253	37.8524	0.00298237	10.9546	54.4996	34.5	0.45345	14.6224	126
DATA	1666885361	295005083	6185	0	""	2022-10-27	10:42:41	15551.132	471.19296	2052.553	39.6455	55.001	31.2257	37.8524	0.00298796	10.954	54.4998	-51.25	0.45345	14.6244	184
DATA	1666885362	295005083	6189	0	""	2022-10-27	10:42:42	15574.69	470.5864	2053.0525	39.6455	55.001	31.2261	37.8524	0.00297747	10.9546	54.4998	181.25	0.45345	14.624	150
DATA	1666885363	295005083	6193	0	""	2022-10-27	10:42:43	15599.328	471.72662	2052.5352	39.646	55.001	31.2294	37.8524	0.00297098	10.9549	54.4998	-16.5	0.45345	14.6244	203
DATA	1666885364	295005083	6197	0	""	2022-10-27	10:42:44	15625.507	472.06265	2052.8872	39.6447	55.001	31.2273	37.8524	0.00299413	10.9535	54.4998	-31	0.45345	14.624	 89
DATA	1666885365	295005083	6201	0	""	2022-10-27	10:42:45	15648.059	470.92191	2052.6855	39.6455	55.001	31.2249	37.8524	0.00300297	10.9539	54.4998	103.25	0.45345	14.6232	 28
DATA	1666885366	295005083	6205	0	""	2022-10-27	10:42:46	15668.08	471.82736	2053.0203	39.6447	55.001	31.2257	37.8524	0.00299488	10.9539	54.4998	-46.25	0.45345	14.6224	248
DATA	1666885367	295005083	6209	0	""	2022-10-27	10:42:47	15694.18	471.57822	2052.7556	39.6451	55.001	31.2261	37.8524	0.00301235	10.9539	54.4998	-21.5	0.45345	14.622	124
DATA	1666885368	294677972	6213	0	""	2022-10-27	10:42:48	15722.702	472.71024	2052.8354	39.6451	55.001	31.2261	37.8524	0.00302511	10.9539	54.4998	47.75	0.45345	14.6212	235
DATA	1666885369	294677972	6217	0	""	2022-10-27	10:42:49	15752.198	472.34085	2052.7502	39.6447	55.001	31.2269	37.8524	0.00302347	10.954	54.4998	154.75	0.45345	14.6212	  8
DATA	1666885370	294677972	6221	0	""	2022-10-27	10:42:50	15776.073	473.59113	2052.79	39.6455	55.001	31.2281	37.8524	0.00303721	10.9543	54.4998	-65	0.45345	14.6209	 38
DATA	1666885371	294677972	6225	0	""	2022-10-27	10:42:51	15792.996	472.72842	2052.5701	39.6451	55.001	31.2245	37.8524	0.0030371	10.9531	54.4998	-14.25	0.45345	14.6201	230
DATA	1666885372	294677972	6229	0	""	2022-10-27	10:42:52	15812.693	473.59271	2052.959	39.646	55.001	31.2249	37.8524	0.00304466	10.9532	54.4998	-30	0.45345	14.6205	 54
DATA	1666885373	294677972	6233	0	""	2022-10-27	10:42:53	15837.788	474.18298	2053.0049	39.6455	55.001	31.2257	37.8524	0.00304147	10.9539	54.4998	-65	0.45345	14.6205	169
DATA	1666885374	294677972	6237	0	""	2022-10-27	10:42:54	15861.264	474.62738	2052.792	39.6451	55.001	31.2236	37.8524	0.00306423	10.9534	54.4998	-31.75	0.45345	14.6232	249
DATA	1666885375	294342041	6241	0	""	2022-10-27	10:42:55	15885.606	473.63925	2052.6519	39.6455	55.001	31.2245	37.8524	0.00305786	10.9526	54.4998	4.5	0.45345	14.6224	146
DATA	1666885376	294342041	6245	0	""	2022-10-27	10:42:56	15907.236	474.81424	2052.5991	39.646	55.001	31.224	37.8524	0.00305783	10.9534	54.4998	95.75	0.45345	14.622	 96
DATA	1666885377	294342041	6249	0	""	2022-10-27	10:42:57	15930.742	475.12558	2052.8867	39.6464	55.001	31.2249	37.8524	0.00307232	10.9532	54.4998	5.75	0.45345	14.622	149
DATA	1666885378	294342041	6253	0	""	2022-10-27	10:42:58	15948.038	474.80307	2052.8679	39.6468	55.001	31.2253	37.8524	0.00306581	10.9537	54.4998	101.25	0.45345	14.622	248
DATA	1666885379	294342041	6257	0	""	2022-10-27	10:42:59	15968.197	476.42542	2052.812	39.6468	55.0012	31.2253	37.8524	0.00306891	10.9527	54.4998	-60.25	0.45345	14.622	250
DATA	1666885380	294342041	6261	0	""	2022-10-27	10:43:00	15987.273	475.45984	2052.8428	39.6472	55.0014	31.2249	37.8524	0.0030634	10.9531	54.4998	-37.75	0.45345	14.622	238
DATA	1666885381	294342041	6265	0	""	2022-10-27	10:43:01	16006.062	475.74078	2052.7759	39.6468	55.0016	31.2232	37.8524	0.0030695	10.9532	54.4998	-56	0.45345	14.6216	132
DATA	1666885382	294342041	6269	0	""	2022-10-27	10:43:02	16025.041	475.96667	2052.9204	39.646	55.0016	31.222	37.8524	0.0030774	10.9522	54.4998	49.75	0.45345	14.6209	134
DATA	1666885383	294018983	6273	0	""	2022-10-27	10:43:03	16040.285	475.44635	2052.9058	39.6468	55.0016	31.2224	37.8524	0.00307702	10.9527	54.4998	-18.25	0.45345	14.6205	 83
DATA	1666885384	294018983	6277	0	""	2022-10-27	10:43:04	16045.314	474.36026	2052.8167	39.6468	55.0014	31.2249	37.8524	0.00307822	10.9532	54.4998	17.25	0.45345	14.6201	 35
DATA	1666885385	294018983	6281	0	""	2022-10-27	10:43:05	15993.3	474.40039	2053.0879	39.6468	55.001	31.2261	37.8524	0.00305597	10.9527	54.4998	139.75	0.45345	14.6197	225
DATA	1666885386	294018983	6285	0	""	2022-10-27	10:43:06	15908.292	474.32077	2053.1492	39.6472	55.001	31.2245	37.8524	0.00302288	10.9534	54.4998	-47.75	0.45345	14.6193	 52
DATA	1666885387	294018983	6289	0	""	2022-10-27	10:43:07	15842.119	472.89127	2052.75	39.6464	55.001	31.2216	37.8524	0.00300484	10.9532	54.4998	-28	0.45345	14.6185	 53
DATA	1666885388	294018983	6293	0	""	2022-10-27	10:43:08	15708.811	469.0495	2052.9968	39.6468	55.001	31.2232	37.8524	0.00297228	10.9539	54.4998	85.25	0.45345	14.6189	246
DATA	1666885389	294018983	6297	0	""	2022-10-27	10:43:09	15370.447	466.26596	2053.4722	39.6476	55.001	31.2253	37.8524	0.00287164	10.9545	54.4998	174	0.45345	14.6185	182
DATA	1666885390	293680906	6301	0	""	2022-10-27	10:43:10	14910.301	464.29315	2053.0051	39.646	55.001	31.2314	37.8524	0.00274098	10.9561	54.4998	281.25	0.45345	14.6185	211
DATA	1666885391	293680906	6305	0	""	2022-10-27	10:43:11	14535.953	463.45526	2053.2839	39.6451	55.001	31.2372	37.8524	0.00266607	10.9567	54.4998	95	0.45345	14.6205	104
DATA	1666885392	293680906	6309	0	""	2022-10-27	10:43:12	14263.683	463.65024	2053.3965	39.6451	55.001	31.2392	37.8524	0.00261199	10.9583	54.4998	44.25	0.45345	14.6209	252
DATA	1666885393	293680906	6313	0	""	2022-10-27	10:43:13	14059.738	463.44421	2053.1086	39.6443	55.001	31.2392	37.8524	0.00256323	10.9581	54.4998	117.25	0.45345	14.6205	 24
DATA	1666885394	293680906	6317	0	""	2022-10-27	10:43:14	13950.295	463.25568	2053.3999	39.6427	55.001	31.2421	37.8524	0.00254933	10.9587	54.4998	-11	0.45345	14.6201	152
DATA	1666885395	293680906	6321	0	""	2022-10-27	10:43:15	13848.276	462.95398	2053.1345	39.6419	55.001	31.2404	37.8524	0.00254786	10.9593	54.4998	-56.25	0.45345	14.6197	 65
DATA	1666885396	293680906	6325	0	""	2022-10-27	10:43:16	13736.336	461.72818	2053.1292	39.6414	55.001	31.2388	37.8524	0.00252279	10.9599	54.4998	18	0.45345	14.6197	123
DATA	1666885397	293680906	6329	0	""	2022-10-27	10:43:17	13678.518	463.32083	2053.3994	39.6402	55.001	31.2392	37.8524	0.00253221	10.96	54.4998	-41.5	0.45345	14.6193	142
DATA	1666885398	293359041	6333	0	""	2022-10-27	10:43:18	13694.802	463.27304	2053.302	39.6402	55.001	31.2359	37.8524	0.00254717	10.9601	54.4998	-19	0.45345	14.6193	 75
DATA	1666885399	293359041	6337	0	""	2022-10-27	10:43:19	13715.739	462.59375	2053.1484	39.6386	55.001	31.2359	37.8524	0.00257034	10.9595	54.4998	-56	0.45345	14.6177	177
DATA	1666885400	293359041	6341	0	""	2022-10-27	10:43:20	13702.081	461.1813	2053.2844	39.6374	55.001	31.2335	37.8524	0.00256691	10.9601	54.4998	-22	0.45345	14.6177	 49
DATA	1666885401	293359041	6345	0	""	2022-10-27	10:43:21	13665.225	460.94662	2053.4075	39.6378	55.001	31.2302	37.8524	0.00257432	10.96	54.4996	-61.25	0.45345	14.6173	163
DATA	1666885402	293359041	6349	0	""	2022-10-27	10:43:22	13625.357	461.46164	2053.1873	39.6361	55.001	31.2298	37.8524	0.00256883	10.9605	54.4992	-15.75	0.45345	14.6173	 29
DATA	1666885403	293359041	6353	0	""	2022-10-27	10:43:23	13577.279	460.69	2053.2766	39.6361	55.001	31.2298	37.8524	0.0025734	10.9598	54.4996	39	0.45345	14.6146	161
DATA	1666885404	293359041	6357	0	""	2022-10-27	10:43:24	13550.259	461.41989	2053.5139	39.6361	55.001	31.229	37.8524	0.00258815	10.9607	54.4996	-31.25	0.45345	14.615	182
DATA	1666885405	293023109	6361	0	""	2022-10-27	10:43:25	13575.147	462.54962	2053.1992	39.6353	55.001	31.2265	37.8524	0.00260438	10.9601	54.4994	15.25	0.45345	14.6157	223
DATA	1666885406	293023109	6365	0	""	2022-10-27	10:43:26	13659.409	461.9024	2053.3901	39.6353	55.001	31.2257	37.8524	0.00263289	10.9594	54.4998	-92.25	0.45345	14.6157	238
DATA	1666885407	293023109	6369	0	""	2022-10-27	10:43:27	13735.183	461.1871	2053.397	39.6345	55.001	31.2216	37.8524	0.0026511	10.9601	54.4998	-4.75	0.45345	14.6161	 65
DATA	1666885408	293023109	6373	0	""	2022-10-27	10:43:28	13745.494	461.40756	2053.2058	39.6341	55.001	31.2216	37.8524	0.00266175	10.9592	54.4998	-56.75	0.45345	14.6185	 35
DATA	1666885409	293023109	6377	0	""	2022-10-27	10:43:29	13749.939	461.90738	2053.4675	39.6333	55.001	31.2195	37.8524	0.00268439	10.9605	54.4998	84.5	0.45345	14.6177	226
DATA	1666885410	293023109	6381	0	""	2022-10-27	10:43:30	13810.111	461.72614	2053.5156	39.6337	55.001	31.2204	37.8524	0.00270009	10.9592	54.4998	-100.75	0.45345	14.6177	 31
DATA	1666885411	293023109	6385	0	""	2022-10-27	10:43:31	13934.528	462.20444	2053.5745	39.6328	55.001	31.2195	37.8524	0.00273508	10.9585	54.4998	-4.25	0.45345	14.6173	227
DATA	1666885412	293023109	6389	0	""	2022-10-27	10:43:32	14072.687	462.13437	2053.2493	39.6341	55.001	31.2204	37.8524	0.00277146	10.958	54.4998	-130.25	0.45345	14.6173	  9
DATA	1666885413	292696952	6393	0	""	2022-10-27	10:43:33	14190.556	462.07947	2053.3386	39.6341	55.001	31.2171	37.8524	0.00279634	10.9586	54.4998	-44	0.45345	14.6173	158
DATA	1666885414	292696952	6397	0	""	2022-10-27	10:43:34	14282.466	463.26041	2053.3782	39.6353	55.0012	31.215	37.8524	0.0028218	10.9579	54.4998	-98.75	0.45345	14.6173	  6
DATA	1666885415	292696952	6401	0	""	2022-10-27	10:43:35	14386.891	463.89941	2053.1638	39.6361	55.0012	31.2113	37.8524	0.00285365	10.9571	54.4998	-1.5	0.45345	14.6169	253
DATA	1666885416	292696952	6405	0	""	2022-10-27	10:43:36	14509.095	463.86011	2053.3042	39.6345	55.0016	31.2122	37.8524	0.00287265	10.9574	54.4998	-11.25	0.45345	14.6161	 73
DATA	1666885417	292696952	6409	0	""	2022-10-27	10:43:37	14626.531	464.73407	2053.1838	39.6345	55.0018	31.2113	37.8524	0.00290198	10.9566	54.4998	-86.5	0.45345	14.6161	 55
DATA	1666885418	292696952	6413	0	""	2022-10-27	10:43:38	14727.341	464.28369	2053.3064	39.6374	55.0016	31.2097	37.8524	0.00291117	10.9567	54.4998	133.25	0.45345	14.6154	105
DATA	1666885419	292696952	6417	0	""	2022-10-27	10:43:39	14804.992	463.43942	2053.4294	39.6369	55.0018	31.2118	37.8524	0.00293534	10.9565	54.4998	66.5	0.45345	14.6146	 29
DATA	1666885420	292361974	6421	0	""	2022-10-27	10:43:40	14872.281	464.99179	2053.3428	39.6378	55.0014	31.213	37.8524	0.0029486	10.9551	54.4998	115.75	0.45345	14.6146	255
DATA	1666885421	292361974	6425	0	""	2022-10-27	10:43:41	14939.022	464.35632	2053.3562	39.6378	55.0012	31.2109	37.8524	0.00294663	10.9558	54.4998	-82.25	0.45345	14.6142	 84
DATA	1666885422	292361974	6429	0	""	2022-10-27	10:43:42	15002.199	465.33594	2053.4551	39.6378	55.001	31.2097	37.8524	0.00297232	10.9557	54.4998	27	0.45345	14.6142	103
DATA	1666885423	292361974	6433	0	""	2022-10-27	10:43:43	15056.502	464.71515	2053.5757	39.6382	55.001	31.2101	37.8524	0.00297432	10.9561	54.4998	57	0.45345	14.6142	 81
DATA	1666885424	292361974	6437	0	""	2022-10-27	10:43:44	15105.225	465.02045	2053.4011	39.639	55.001	31.2118	37.8524	0.00295826	10.9551	54.4998	80.5	0.45345	14.6138	122
DATA	1666885425	292361974	6441	0	""	2022-10-27	10:43:45	15154.773	465.37549	2053.3325	39.6402	55.001	31.2126	37.8524	0.00296773	10.9553	54.4998	-56	0.45345	14.6157	150
DATA	1666885426	292361974	6445	0	""	2022-10-27	10:43:46	15205.132	466.7988	2053.4653	39.6406	55.001	31.2118	37.8524	0.00299876	10.955	54.4998	51	0.45345	14.6161	 10
DATA	1666885427	292361974	6449	0	""	2022-10-27	10:43:47	15255.065	466.58679	2053.4944	39.6406	55.001	31.213	37.8524	0.00298919	10.9551	54.4998	69.5	0.45345	14.6157	185
DATA	1666885428	292037010	6453	0	""	2022-10-27	10:43:48	15299.578	466.88611	2053.4617	39.6419	55.001	31.2109	37.8524	0.00298459	10.955	54.4998	-42.5	0.45345	14.6157	210
DATA	1666885429	292037010	6457	0	""	2022-10-27	10:43:49	15350.323	467.51749	2053.5249	39.6423	55.001	31.2122	37.8524	0.00299247	10.9545	54.4998	76.25	0.45345	14.6157	247
DATA	1666885430	292037010	6461	0	""	2022-10-27	10:43:50	15406.683	468.13287	2053.5051	39.6423	55.001	31.2138	37.8524	0.00299565	10.9543	54.4998	25.75	0.45345	14.615	176
DATA	1666885431	292037010	6465	0	""	2022-10-27	10:43:51	15453.652	468.57623	2053.7102	39.6427	55.001	31.215	37.8524	0.00301423	10.954	54.4998	21.25	0.45345	14.6157	103
DATA	1666885432	292037010	6469	0	""	2022-10-27	10:43:52	15492.8	468.59875	2053.2644	39.6427	55.001	31.2146	37.8524	0.00301712	10.9541	54.4998	-80	0.45345	14.6146	 30
DATA	1666885433	292037010	6473	0	""	2022-10-27	10:43:53	15530.224	468.4826	2053.5654	39.6423	55.001	31.2138	37.8524	0.00302204	10.9547	54.4998	-5	0.45345	14.6142	  3
DATA	1666885434	292037010	6477	0	""	2022-10-27	10:43:54	15564.026	469.07806	2053.3538	39.6447	55.001	31.2142	37.8524	0.00302038	10.9542	54.4998	11	0.45345	14.613	 15
DATA	1666885435	291699886	6481	0	""	2022-10-27	10:43:55	15595.135	469.38144	2053.6311	39.6451	55.001	31.2142	37.8524	0.00301912	10.9537	54.4998	-11	0.45345	14.613	 86
DATA	1666885436	291699886	6485	0	""	2022-10-27	10:43:56	15623.711	469.46973	2053.5818	39.6447	55.001	31.2163	37.8524	0.00301343	10.9549	54.4998	69.25	0.45345	14.6126	 27
DATA	1666885437	291699886	6489	0	""	2022-10-27	10:43:57	15651.058	469.96027	2053.6917	39.6455	55.001	31.2175	37.8524	0.00301809	10.9537	54.4998	-59.75	0.45345	14.6118	 90
DATA	1666885438	291699886	6493	0	""	2022-10-27	10:43:58	15685.727	469.8157	2053.4568	39.6455	55.001	31.2167	37.8524	0.00301117	10.9534	54.4998	8.75	0.45345	14.6118	193
DATA	1666885439	291699886	6497	0	""	2022-10-27	10:43:59	15719.851	469.63693	2053.356	39.648	55.001	31.2163	37.8524	0.00301251	10.9528	54.4998	-77	0.45345	14.6114	 81
DATA	1666885440	291699886	6501	0	""	2022-10-27	10:44:00	15753.872	469.72977	2053.3616	39.646	55.001	31.2187	37.8524	0.00302069	10.9538	54.4998	89.25	0.45345	14.611	170
DATA	1666885441	291699886	6505	0	""	2022-10-27	10:44:01	15782.665	470.80301	2053.616	39.646	55.001	31.2187	37.8524	0.00300575	10.9523	54.4998	-49	0.45345	14.6114	 37
DATA	1666885442	291699886	6509	0	""	2022-10-27	10:44:02	15809.809	471.57565	2053.2407	39.6476	55.001	31.2167	37.8524	0.0030299	10.9529	54.4998	7	0.45345	14.6142	 24
DATA	1666885443	291377067	6513	0	""	2022-10-27	10:44:03	15839.654	470.51309	2053.5066	39.6472	55.001	31.2159	37.8524	0.00302532	10.9531	54.4998	-52	0.45345	14.6138	127
DATA	1666885444	291377067	6517	0	""	2022-10-27	10:44:04	15866.986	471.49625	2053.468	39.6472	55.001	31.2167	37.8524	0.00303716	10.9529	54.4998	23.25	0.45345	14.613	160
DATA	1666885445	291377067	6521	0	""	2022-10-27	10:44:05	15890.507	472.67072	2053.6584	39.6468	55.001	31.2159	37.8524	0.00305482	10.9529	54.4998	0.25	0.45345	14.613	148
DATA	1666885446	291377067	6525	0	""	2022-10-27	10:44:06	15913.272	471.22879	2053.5222	39.646	55.001	31.2146	37.8524	0.00304668	10.9531	54.4998	-21.75	0.45345	14.613	181
DATA	1666885447	291377067	6529	0	""	2022-10-27	10:44:07	15933.354	471.52908	2053.5918	39.6472	55.001	31.2146	37.8524	0.00306197	10.9521	54.4998	32.5	0.45345	14.613	149
DATA	1666885448	291377067	6533	0	""	2022-10-27	10:44:08	15953.494	472.22797	2053.3645	39.648	55.001	31.2159	37.8524	0.003067	10.9526	54.4998	95.75	0.45345	14.6126	123
