Model:	LI-7820
SN:	TG20-01182
Software Version:	2.3.8
Timestamp:	2023-11-08 10:00:00
Timezone:	America/New_York
DATAH	SECONDS	NANOSECONDS	NDX	DIAG	REMARK	DATE	TIME	H2O	N2O	CAVITY_P	CAVITY_T	LASER_PHASE_P	LASER_T	RESIDUAL	RING_DOWN_TIME	THERMAL_ENCLOSURE_T	PHASE_ERROR	LASER_T_SHIFT	INPUT_VOLTAGE	CHK
DATAU	secs	nsecs	index	diag		date	time	ppm	ppb	kPa	°C	kPa	°C		µsecs	°C	counts	°C	V	CHK
DATA	1699457085	5270004	18242	18	""	2023-11-08	10:24:45	13233.336	414.01797	39.6488	45.8154	32.1579	29.5934	0.00333541	34.7294	46.0605	-1016.3	-0.345496	23.9495	 25
DATA	1699457086	5270004	18252	16	""	2023-11-08	10:24:46	13239.856	414.04626	39.6491	45.8299	32.143	29.5912	0.00336702	34.7308	46.0747	-957.8	-0.351183	23.9492	189
DATA	1699457087	5270004	18262	16	""	2023-11-08	10:24:47	13244.567	413.81625	39.6483	45.8442	32.1274	29.5814	0.00337218	34.7355	46.0889	-950.7	-0.36007	23.9494	189
DATA	1699457088	5141019	18272	16	""	2023-11-08	10:24:48	13245.262	414.4733	39.6491	45.8582	32.1105	29.5718	0.00339067	34.7414	46.1036	-913.5	-0.368958	23.9495	190
DATA	1699457089	5141019	18282	16	""	2023-11-08	10:24:49	13248.573	413.79837	39.6481	45.8727	32.0956	29.5633	0.00344215	34.7432	46.1178	-921.9	-0.376958	23.9495	 18
DATA	1699457090	5141019	18292	16	""	2023-11-08	10:24:50	13254.848	412.2056	39.6499	45.8869	32.0798	29.5599	0.00345914	34.7389	46.132	-904.8	-0.378292	23.9497	176
DATA	1699457091	5015850	18302	16	""	2023-11-08	10:24:51	13256.413	413.19357	39.6494	45.9008	32.0641	29.561	0.00349011	34.7387	46.1456	-824.6	-0.378292	23.95	 64
DATA	1699457092	5015850	18312	16	""	2023-11-08	10:24:52	13255.92	412.0618	39.6491	45.9157	32.0469	29.561	0.00351159	34.7455	46.1601	-786.8	-0.378292	23.95	231
DATA	1699457093	5015850	18322	16	""	2023-11-08	10:24:53	13257.56	413.06897	39.6496	45.9309	32.0303	29.561	0.00353813	34.7503	46.1743	-694.9	-0.378292	23.9502	132
DATA	1699457094	4878997	18332	16	""	2023-11-08	10:24:54	13261.814	412.5882	39.6478	45.9446	32.014	29.561	0.00355018	34.7541	46.1881	-684.9	-0.378292	23.9492	116
DATA	1699457095	4878997	18342	16	""	2023-11-08	10:24:55	13264.374	412.95584	39.6493	45.9591	31.998	29.5612	0.00357968	34.7607	46.2025	-613.4	-0.378292	23.9492	244
DATA	1699457096	4878997	18352	16	""	2023-11-08	10:24:56	13267.951	412.43097	39.6486	45.9734	31.982	29.561	0.00360399	34.7634	46.2166	-574.9	-0.378292	23.9489	202
DATA	1699457097	4754066	18362	16	""	2023-11-08	10:24:57	13272.2	412.7923	39.6491	45.9876	31.9664	29.561	0.00362323	34.7697	46.2306	-471.8	-0.378292	23.9491	 61
DATA	1699457098	4754066	18372	16	""	2023-11-08	10:24:58	13281.988	411.57959	39.6497	46.0018	31.9516	29.5611	0.00365656	34.7724	46.2446	-388.6	-0.378292	23.9503	 26
DATA	1699457099	4754066	18382	16	""	2023-11-08	10:24:59	13288.514	412.53781	39.6493	46.0161	31.9355	29.561	0.00368082	34.7784	46.2588	-352.6	-0.378292	23.9503	214
DATA	1699457100	4629135	18392	16	""	2023-11-08	10:25:00	13297.48	412.38504	39.6475	46.0306	31.9185	29.561	0.00370184	34.78	46.2736	-304.6	-0.378292	23.9497	 28
DATA	1699457101	4629135	18402	16	""	2023-11-08	10:25:01	13307.819	411.68539	39.6488	46.0445	31.9037	29.561	0.00372565	34.7874	46.2877	-240	-0.378292	23.9494	 96
DATA	1699457102	4629135	18412	16	""	2023-11-08	10:25:02	13314.704	411.77289	39.6499	46.0587	31.8891	29.561	0.00374436	34.7911	46.3018	-171	-0.378292	23.9494	 90
DATA	1699457103	4501104	18422	16	""	2023-11-08	10:25:03	13323.395	412.13156	39.6491	46.0732	31.8767	29.561	0.00376618	34.7905	46.316	-151.8	-0.378292	23.9494	111
DATA	1699457104	4501104	18432	16	""	2023-11-08	10:25:04	13328.896	413.18286	39.6485	46.0872	31.8649	29.5611	0.00377932	34.7911	46.3299	-140.2	-0.378292	23.9492	239
DATA	1699457105	4501104	18442	16	""	2023-11-08	10:25:05	13337.148	413.34146	39.6491	46.1022	31.8542	29.5617	0.00380184	34.7906	46.3438	-151.4	-0.378292	23.9495	207
DATA	1699457106	4366159	18452	16	""	2023-11-08	10:25:06	13343.848	413.12289	39.6494	46.1166	31.8436	29.5617	0.00382218	34.7911	46.3582	-131.6	-0.378292	23.9495	247
DATA	1699457107	4366159	18462	16	""	2023-11-08	10:25:07	13348.193	414.46826	39.6491	46.1309	31.8329	29.5613	0.00383247	34.7923	46.3724	-113.4	-0.378292	23.9495	248
DATA	1699457108	4366159	18472	16	""	2023-11-08	10:25:08	13354.433	414.293	39.6499	46.1447	31.821	29.561	0.00385469	34.7924	46.3861	-130.2	-0.378292	23.9499	 50
DATA	1699457109	4230976	18482	16	""	2023-11-08	10:25:09	13360.403	414.41226	39.6496	46.1592	31.811	29.561	0.00387356	34.7924	46.4003	-134.1	-0.378292	23.9497	125
DATA	1699457110	4230976	18492	16	""	2023-11-08	10:25:10	13365.363	414.64923	39.6483	46.1736	31.7995	29.561	0.00388384	34.794	46.4146	-123.7	-0.378292	23.9497	157
DATA	1699457111	4230976	18502	16	""	2023-11-08	10:25:11	13369.957	415.01874	39.6483	46.1873	31.7893	29.561	0.00390437	34.7911	46.4281	-119.7	-0.378292	23.9492	198
DATA	1699457112	4106998	18512	16	""	2023-11-08	10:25:12	13373.903	414.70566	39.6491	46.202	31.7782	29.5612	0.00392967	34.7926	46.4428	-159.8	-0.378292	23.9492	203
DATA	1699457113	4106998	18522	16	""	2023-11-08	10:25:13	13377.088	414.66113	39.6483	46.2161	31.7656	29.561	0.00394182	34.7938	46.4576	-127	-0.378292	23.9489	109
DATA	1699457114	4106998	18532	16	""	2023-11-08	10:25:14	13381.946	415.0784	39.6491	46.23	31.7569	29.561	0.00396404	34.7915	46.4712	-116.8	-0.378292	23.9494	 48
DATA	1699457115	3977060	18542	16	""	2023-11-08	10:25:15	13385.053	415.08945	39.6496	46.2445	31.7465	29.5613	0.00397427	34.7892	46.4855	-121.9	-0.378292	23.9502	  0
DATA	1699457116	3977060	18552	16	""	2023-11-08	10:25:16	13386.478	415.42737	39.6494	46.2586	31.7367	29.5612	0.00398642	34.7884	46.4995	-153.8	-0.378292	23.9503	 27
DATA	1699457117	3977060	18562	16	""	2023-11-08	10:25:17	13389.898	415.79001	39.6491	46.2736	31.7254	29.561	0.00399775	34.7924	46.5138	-102.7	-0.378292	23.9497	226
DATA	1699457118	3849983	18572	16	""	2023-11-08	10:25:18	13392.779	416.17163	39.6489	46.2878	31.7168	29.561	0.00401048	34.7883	46.5276	-174.9	-0.378292	23.9494	245
DATA	1699457119	3849983	18582	16	""	2023-11-08	10:25:19	13394.736	415.7688	39.6486	46.3021	31.7046	29.561	0.0040293	34.7891	46.5417	-164.9	-0.378292	23.9495	127
DATA	1699457120	3849983	18592	16	""	2023-11-08	10:25:20	13397.108	415.90836	39.65	46.3164	31.6923	29.561	0.00404985	34.7905	46.556	-112.1	-0.378292	23.9494	 46
DATA	1699457121	3730058	18602	16	""	2023-11-08	10:25:21	13399.134	416.03448	39.6481	46.3303	31.682	29.5611	0.00406143	34.7896	46.5698	-89.6	-0.378292	23.9495	141
DATA	1699457122	3730058	18612	16	""	2023-11-08	10:25:22	13399.548	416.42517	39.6489	46.3445	31.6723	29.5612	0.00406889	34.791	46.5838	-117.2	-0.378292	23.9495	207
DATA	1699457123	3730058	18622	16	""	2023-11-08	10:25:23	13403.355	416.01511	39.6489	46.3589	31.6608	29.5611	0.00407518	34.7895	46.5981	-143	-0.378292	23.9495	143
DATA	1699457124	3587961	18632	16	""	2023-11-08	10:25:24	13404.604	416.52066	39.6488	46.3731	31.6517	29.5612	0.00409417	34.7919	46.6121	-128.2	-0.378292	23.9497	241
DATA	1699457125	3587961	18642	16	""	2023-11-08	10:25:25	13406.273	416.97223	39.6489	46.387	31.6412	29.561	0.00411077	34.7897	46.6266	-115.3	-0.378292	23.9495	158
DATA	1699457126	3587961	18652	16	""	2023-11-08	10:25:26	13406.611	416.85074	39.6488	46.4016	31.6293	29.561	0.00412074	34.7906	46.6413	-106.7	-0.378292	23.9497	194
DATA	1699457127	3453969	18662	16	""	2023-11-08	10:25:27	13407.816	417.10916	39.6491	46.4159	31.6185	29.561	0.00413261	34.7891	46.6554	-123.1	-0.378292	23.9499	204
DATA	1699457128	3453969	18672	16	""	2023-11-08	10:25:28	13408.738	417.147	39.6496	46.4295	31.6082	29.5612	0.00413901	34.7887	46.6691	-98.1	-0.378292	23.9491	125
DATA	1699457129	3453969	18682	16	""	2023-11-08	10:25:29	13410.1	417.14413	39.6488	46.4443	31.5989	29.5615	0.00415294	34.7862	46.6835	-125.5	-0.378292	23.9492	163
DATA	1699457130	3329992	18692	16	""	2023-11-08	10:25:30	13410.772	417.0181	39.6504	46.459	31.5886	29.561	0.00416959	34.7899	46.6973	-115.3	-0.378292	23.9489	118
DATA	1699457131	3329992	18702	16	""	2023-11-08	10:25:31	13410.595	417.47156	39.6504	46.4728	31.5802	29.561	0.00417465	34.7876	46.7111	-131.3	-0.378292	23.95	 74
DATA	1699457132	3329992	18712	16	""	2023-11-08	10:25:32	13412.689	417.46497	39.6491	46.4874	31.5685	29.561	0.00418243	34.7888	46.7255	-174.9	-0.378292	23.9503	225
DATA	1699457133	3200054	18722	16	""	2023-11-08	10:25:33	13411.835	417.48984	39.6488	46.5014	31.5563	29.5607	0.00419346	34.7901	46.7393	-102.4	-0.379359	23.9499	241
DATA	1699457134	3200054	18732	16	""	2023-11-08	10:25:34	13412.111	417.18057	39.6493	46.5157	31.5442	29.5592	0.00421161	34.7914	46.7538	-94.7	-0.38007	23.9503	101
DATA	1699457135	3200054	18742	16	""	2023-11-08	10:25:35	13412.751	417.29672	39.6489	46.5296	31.5342	29.5592	0.00421384	34.7883	46.7673	-120.9	-0.38007	23.9495	189
DATA	1699457136	3069162	18752	16	""	2023-11-08	10:25:36	13411.95	417.54187	39.6491	46.5439	31.5246	29.5592	0.0042211	34.7884	46.7814	-127.6	-0.38007	23.9494	 92
DATA	1699457137	3069162	18762	16	""	2023-11-08	10:25:37	13410.806	417.46188	39.6493	46.5583	31.5143	29.5592	0.00423464	34.7887	46.7958	-98.1	-0.38007	23.9489	173
DATA	1699457138	3069162	18772	16	""	2023-11-08	10:25:38	13411.733	418.11111	39.6496	46.5722	31.5054	29.5592	0.00425544	34.7906	46.8102	-100.7	-0.38007	23.9492	161
DATA	1699457139	2941131	18782	16	""	2023-11-08	10:25:39	13412.612	417.58792	39.6485	46.5863	31.4931	29.5592	0.00424764	34.7866	46.8243	-130.5	-0.38007	23.9495	205
DATA	1699457140	2941131	18792	16	""	2023-11-08	10:25:40	13412.669	417.92828	39.6494	46.6007	31.4836	29.5592	0.00425853	34.789	46.8387	-131.7	-0.38007	23.9495	156
DATA	1699457141	2941131	18802	16	""	2023-11-08	10:25:41	13412.192	417.67719	39.6496	46.6145	31.4739	29.5592	0.00426781	34.7901	46.8522	-67.9	-0.380159	23.9499	204
DATA	1699457142	2819061	18812	16	""	2023-11-08	10:25:42	13410.321	417.98578	39.6491	46.6296	31.4664	29.5568	0.00427422	34.7875	46.8664	-162.3	-0.384516	23.9497	  5
DATA	1699457143	2819061	18822	16	""	2023-11-08	10:25:43	13409.805	417.1691	39.6483	46.6442	31.4511	29.553	0.00429121	34.7884	46.8806	-134.2	-0.385405	23.9494	126
DATA	1699457144	2819061	18832	16	""	2023-11-08	10:25:44	13409.263	417.91327	39.6483	46.6585	31.4405	29.5539	0.00429491	34.7899	46.8944	-126	-0.385405	23.9497	174
DATA	1699457145	2681970	18842	16	""	2023-11-08	10:25:45	13408.924	417.99594	39.6496	46.6723	31.4309	29.5539	0.00429621	34.7882	46.9085	-111.8	-0.385405	23.9492	 20
DATA	1699457146	2681970	18852	16	""	2023-11-08	10:25:46	13407.748	418.08307	39.6493	46.6866	31.422	29.5539	0.0043021	34.7851	46.9227	-126.3	-0.385405	23.9492	147
DATA	1699457147	2681970	18862	16	""	2023-11-08	10:25:47	13407.231	417.8912	39.6493	46.7008	31.4091	29.5539	0.00431452	34.7886	46.9364	-132.3	-0.385405	23.9489	203
DATA	1699457148	2552986	18872	16	""	2023-11-08	10:25:48	13407.104	417.99408	39.6488	46.7146	31.4002	29.5539	0.00431412	34.7857	46.9505	-102.4	-0.385405	23.9499	  0
DATA	1699457149	2552986	18882	16	""	2023-11-08	10:25:49	13406.697	417.9841	39.6493	46.729	31.3912	29.5539	0.00433104	34.7854	46.9643	-131.8	-0.385405	23.9502	167
DATA	1699457150	2552986	18892	16	""	2023-11-08	10:25:50	13405.489	417.82648	39.6493	46.7431	31.3796	29.5539	0.00433652	34.787	46.979	-96.4	-0.385405	23.9503	131
DATA	1699457151	2438068	18902	16	""	2023-11-08	10:25:51	13404.778	417.94257	39.6494	46.7572	31.3702	29.5539	0.00434228	34.7854	46.9935	-124.2	-0.385405	23.9494	  2
DATA	1699457152	2438068	18912	16	""	2023-11-08	10:25:52	13403.499	418.33078	39.6496	46.7714	31.3586	29.5539	0.00434022	34.7869	47.007	-126	-0.385405	23.9495	104
DATA	1699457153	2438068	18922	16	""	2023-11-08	10:25:53	13401.973	417.54565	39.6489	46.7853	31.3477	29.5539	0.00434606	34.7877	47.0212	-107.4	-0.385405	23.9494	  3
DATA	1699457154	2290010	18932	16	""	2023-11-08	10:25:54	13400.732	417.61722	39.6504	46.8003	31.3393	29.5539	0.00436082	34.7858	47.0355	-126.3	-0.385405	23.9489	214
DATA	1699457155	2290010	18942	16	""	2023-11-08	10:25:55	13397.109	417.98193	39.6493	46.8146	31.3285	29.5539	0.00436812	34.7858	47.049	-105.2	-0.385405	23.9492	200
DATA	1699457156	2290010	18952	16	""	2023-11-08	10:25:56	13395.513	417.58362	39.6493	46.8286	31.3177	29.5539	0.00436456	34.7863	47.0636	-161.3	-0.385405	23.9495	255
DATA	1699457157	2161979	18962	16	""	2023-11-08	10:25:57	13394.161	417.741	39.6491	46.843	31.3048	29.5539	0.00436148	34.7877	47.0774	-116.1	-0.385405	23.9495	111
DATA	1699457158	2161979	18972	16	""	2023-11-08	10:25:58	13392.423	417.26816	39.6499	46.8568	31.297	29.5539	0.00437195	34.7873	47.091	-105.8	-0.385405	23.9499	195
DATA	1699457159	2161979	18982	16	""	2023-11-08	10:25:59	13389.806	418.0061	39.6494	46.8709	31.2889	29.5539	0.00436478	34.7863	47.1053	-128.9	-0.385405	23.9492	243
DATA	1699457160	2035140	18992	16	""	2023-11-08	10:26:00	13388.556	417.37711	39.6497	46.8854	31.2789	29.5539	0.00437324	34.7853	47.1191	-125.5	-0.385405	23.9494	254
DATA	1699457161	2035140	19002	16	""	2023-11-08	10:26:01	13387.948	417.48355	39.6491	46.8996	31.2688	29.5539	0.0043691	34.784	47.1335	-111.8	-0.385405	23.9497	149
DATA	1699457162	2035140	19012	16	""	2023-11-08	10:26:02	13385.205	417.72122	39.6499	46.9133	31.2583	29.5539	0.00436929	34.7845	47.1471	-127.3	-0.385405	23.9492	220
DATA	1699457163	1904964	19022	16	""	2023-11-08	10:26:03	13383.682	417.66092	39.6496	46.9279	31.2485	29.5539	0.00437596	34.7844	47.162	-122	-0.385405	23.9492	112
DATA	1699457164	1904964	19032	16	""	2023-11-08	10:26:04	13380.957	417.409	39.6486	46.9419	31.2366	29.5539	0.00437898	34.7872	47.1761	-121.1	-0.385405	23.9489	164
DATA	1699457165	1904964	19042	16	""	2023-11-08	10:26:05	13380.556	417.49792	39.6494	46.9556	31.2248	29.5539	0.00437273	34.7865	47.1897	-103.1	-0.385405	23.9502	  5
DATA	1699457166	1773118	19052	16	""	2023-11-08	10:26:06	13379.794	417.75931	39.6497	46.97	31.2154	29.5536	0.00437535	34.785	47.2037	-114.9	-0.386294	23.9503	108
DATA	1699457167	1773118	19062	16	""	2023-11-08	10:26:07	13376.976	417.03973	39.6493	46.9848	31.2035	29.5521	0.00437617	34.7867	47.2179	-118.6	-0.387183	23.9503	 11
DATA	1699457168	1773118	19072	16	""	2023-11-08	10:26:08	13373.132	417.22186	39.6496	46.999	31.1917	29.5521	0.00438508	34.7857	47.2318	-118.6	-0.387183	23.9497	215
DATA	1699457169	1646041	19082	16	""	2023-11-08	10:26:09	13370.844	417.36728	39.6497	47.013	31.1823	29.5521	0.00438317	34.7868	47.2457	-116.7	-0.387183	23.9491	198
DATA	1699457170	1646041	19092	16	""	2023-11-08	10:26:10	13369.414	417.17303	39.6496	47.027	31.1712	29.5521	0.00438104	34.7854	47.26	-135.6	-0.387183	23.9492	 57
DATA	1699457171	1646041	19102	16	""	2023-11-08	10:26:11	13367.314	416.93964	39.6491	47.0414	31.1599	29.5521	0.00437972	34.7846	47.274	-118.2	-0.387183	23.9491	182
DATA	1699457172	1523971	19112	16	""	2023-11-08	10:26:12	13364.415	416.87796	39.6488	47.0551	31.15	29.5521	0.00438301	34.786	47.2876	-129.3	-0.387183	23.9492	 87
DATA	1699457173	1523971	19122	16	""	2023-11-08	10:26:13	13362.335	416.86554	39.6491	47.0695	31.1395	29.5521	0.00437464	34.7852	47.3017	-140.6	-0.387183	23.9495	236
DATA	1699457174	1523971	19132	16	""	2023-11-08	10:26:14	13359.261	416.68533	39.6493	47.0839	31.1268	29.5521	0.00437222	34.7863	47.3158	-129.2	-0.387183	23.9495	244
DATA	1699457175	1384973	19142	16	""	2023-11-08	10:26:15	13357.156	416.59799	39.6491	47.0972	31.1171	29.5519	0.00437718	34.7871	47.3297	-138.4	-0.387895	23.9497	 36
DATA	1699457176	1384973	19152	16	""	2023-11-08	10:26:16	13355.357	416.70947	39.6497	47.1117	31.1053	29.5494	0.00437312	34.7876	47.3447	-103.1	-0.389851	23.9497	  2
DATA	1699457177	1384973	19162	16	""	2023-11-08	10:26:17	13353.414	416.82251	39.6499	47.126	31.0972	29.5489	0.00436961	34.7855	47.3584	-120.8	-0.389851	23.9497	224
DATA	1699457178	1255035	19172	16	""	2023-11-08	10:26:18	13351.318	415.89349	39.6497	47.1396	31.085	29.5495	0.00436973	34.7834	47.3726	-151.2	-0.389851	23.9495	222
DATA	1699457179	1255035	19182	16	""	2023-11-08	10:26:19	13349.306	416.17606	39.6499	47.1544	31.0724	29.5495	0.00437147	34.7866	47.3863	-124	-0.389851	23.9492	164
DATA	1699457180	1255035	19192	16	""	2023-11-08	10:26:20	13347.058	416.11469	39.6493	47.169	31.062	29.5495	0.00436503	34.7849	47.4004	-49.9	-0.389851	23.9492	 92
DATA	1699457181	1135110	19202	16	""	2023-11-08	10:26:21	13344.842	416.36053	39.6491	47.183	31.0543	29.5495	0.0043574	34.7834	47.4145	-129.4	-0.389851	23.9492	113
DATA	1699457182	1135110	19212	16	""	2023-11-08	10:26:22	13342.251	415.68619	39.6504	47.1971	31.0463	29.5495	0.00436492	34.783	47.4281	-128.5	-0.389851	23.9499	179
DATA	1699457183	1135110	19222	16	""	2023-11-08	10:26:23	13339.931	415.73123	39.6499	47.2112	31.036	29.5495	0.00436094	34.7824	47.4423	-123.5	-0.389851	23.9503	156
DATA	1699457184	1000165	19232	16	""	2023-11-08	10:26:24	13335.913	415.53488	39.65	47.2254	31.0242	29.5495	0.00435849	34.7827	47.4564	-136.4	-0.389851	23.9503	128
DATA	1699457185	1000165	19242	16	""	2023-11-08	10:26:25	13332.857	415.2756	39.6494	47.2394	31.0129	29.5495	0.00435321	34.7847	47.4702	-119.4	-0.389851	23.9494	187
DATA	1699457186	1000165	19252	16	""	2023-11-08	10:26:26	13329.564	415.36987	39.6491	47.2533	31.0027	29.5495	0.00434208	34.785	47.4842	-136.5	-0.389851	23.9494	195
DATA	1699457187	873088	19262	16	""	2023-11-08	10:26:27	13327.25	415.57889	39.6493	47.2676	30.9913	29.5495	0.00433273	34.785	47.4979	-106.9	-0.389851	23.9491	149
DATA	1699457188	873088	19272	16	""	2023-11-08	10:26:28	13324.812	415.16284	39.6493	47.2817	30.9824	29.5487	0.00432848	34.7861	47.5123	-106.9	-0.392252	23.9489	219
DATA	1699457189	873088	19282	16	""	2023-11-08	10:26:29	13321.44	414.88147	39.65	47.2954	30.9738	29.5437	0.00432429	34.7863	47.5266	-122.5	-0.395187	23.9494	 73
DATA	1699457190	735998	19292	16	""	2023-11-08	10:26:30	13318.729	415.21442	39.6499	47.3097	30.9625	29.5432	0.00432235	34.7821	47.5405	-162.4	-0.395187	23.9495	205
DATA	1699457191	735998	19302	16	""	2023-11-08	10:26:31	13315.964	415.13577	39.6494	47.3239	30.9507	29.5434	0.00431455	34.7828	47.5547	-102.4	-0.395187	23.9495	212
DATA	1699457192	735998	19312	18	""	2023-11-08	10:26:32	13311.864	414.90759	39.6494	47.3383	30.9426	29.544	0.00430832	34.7803	47.5684	-160.7	-0.396254	23.95	 54
DATA	1699457193	614166	19322	18	""	2023-11-08	10:26:33	13309.2	414.32458	39.6499	47.3529	30.9321	29.5359	0.00430351	34.7914	47.5822	-146.5	-0.40586	23.95	182
DATA	1699457194	614166	19332	18	""	2023-11-08	10:26:34	13304.732	414.17606	39.6497	47.3669	30.9186	29.5327	0.00430848	34.7871	47.5965	-180.9	-0.40586	23.95	 58
DATA	1699457195	614166	19342	18	""	2023-11-08	10:26:35	13302.6	413.72305	39.6491	47.3809	30.9027	29.5255	0.00429981	34.7946	47.6103	-169.8	-0.417424	23.9495	 93
DATA	1699457196	478029	19352	18	""	2023-11-08	10:26:36	13297.301	413.37277	39.6494	47.3949	30.8887	29.5204	0.00428606	34.7975	47.6242	-128.4	-0.417424	23.9492	220
DATA	1699457197	478029	19362	18	""	2023-11-08	10:26:37	13295.483	413.24557	39.6488	47.4089	30.8761	29.5149	0.00427926	34.7935	47.6384	-110.5	-0.427835	23.9492	233
DATA	1699457198	478029	19372	18	""	2023-11-08	10:26:38	13291.5	412.71793	39.6493	47.4234	30.8661	29.5087	0.00427334	34.7956	47.652	-147.9	-0.428992	23.9489	 82
DATA	1699457199	349044	19382	18	""	2023-11-08	10:26:39	13289.298	412.55371	39.6497	47.4374	30.8546	29.505	0.00426561	34.7894	47.6659	-170.9	-0.438248	23.9499	198
DATA	1699457200	349044	19392	18	""	2023-11-08	10:26:40	13285.808	412.55762	39.65	47.4511	30.8405	29.4973	0.00426688	34.7952	47.6798	-178.2	-0.440562	23.9503	 96
DATA	1699457201	349044	19402	18	""	2023-11-08	10:26:41	13282.157	412.26694	39.6496	47.4654	30.8257	29.4945	0.00425304	34.7889	47.6945	-112.5	-0.448662	23.95	 96
DATA	1699457202	216007	19412	18	""	2023-11-08	10:26:42	13278.052	411.96008	39.6489	47.4797	30.812	29.4854	0.00425625	34.8006	47.7086	-204.5	-0.452134	23.9495	120
DATA	1699457203	216007	19422	18	""	2023-11-08	10:26:43	13274.354	411.25204	39.6497	47.4931	30.798	29.4839	0.00424344	34.7926	47.7223	-118.9	-0.459079	23.9494	141
DATA	1699457204	216007	19432	18	""	2023-11-08	10:26:44	13270.106	411.83963	39.6502	47.5078	30.7861	29.4747	0.00422691	34.8042	47.7364	-185.1	-0.463709	23.9495	176
DATA	1699457205	90122	19442	18	""	2023-11-08	10:26:45	13267.048	411.505	39.6502	47.5223	30.7714	29.4738	0.00421424	34.7921	47.7504	-129.7	-0.469943	23.9489	 21
DATA	1699457206	90122	19452	18	""	2023-11-08	10:26:46	13262.205	410.51443	39.6493	47.5363	30.7601	29.4619	0.00421733	34.8079	47.7639	-161.1	-0.476177	23.9495	124
DATA	1699457207	90122	19462	19	""	2023-11-08	10:26:47	13131.447	388.43729	39.6494	47.5506	30.7474	29.4622	0.00354792	34.8123	47.7782	-137.7	-0.476177	23.9495	163
DATA	1699457207	999959945	19472	18	""	2023-11-08	10:26:47	13311.375	402.49252	39.6499	47.5645	30.7351	29.4781	0.00413553	34.7804	47.7924	-109.2	-0.453024	23.9495	120
DATA	1699457208	999959945	19482	18	""	2023-11-08	10:26:48	13304.855	402.87823	39.6496	47.5784	30.731	29.4891	0.00411572	34.7807	47.8058	-76.9	-0.453024	23.9513	 38
DATA	1699457209	999959945	19492	18	""	2023-11-08	10:26:49	13300.624	402.51874	39.6505	47.5925	30.7245	29.4994	0.00410762	34.7752	47.8198	-48.6	-0.432196	23.95	238
DATA	1699457210	999827146	19502	18	""	2023-11-08	10:26:50	13295.93	402.34222	39.6491	47.6065	30.7208	29.512	0.00409322	34.7792	47.8338	-68.5	-0.429882	23.9502	194
DATA	1699457211	999827146	19512	18	""	2023-11-08	10:26:51	13243.719	399.20203	39.6489	47.6206	30.717	29.5198	0.0039159	34.7716	47.8476	-94.1	-0.411376	23.9495	222
DATA	1699457212	999827146	19522	19	""	2023-11-08	10:26:52	12932.1	378.8541	39.6491	47.6346	30.7121	29.5367	0.00282964	-463.276	47.8615	-49.4	-0.406749	23.9492	218
DATA	1699457213	999701976	19532	19	""	2023-11-08	10:26:53	13163.841	403.3559	39.6508	47.6487	30.7083	29.5337	0.00385907	34.8258	47.8762	-92.9	-0.406749	23.9489	 44
DATA	1699457214	999701976	19542	18	""	2023-11-08	10:26:54	13219.146	409.22534	39.6496	47.6629	30.6982	29.5302	0.00410304	34.7992	47.8902	-134.6	-0.414222	23.9491	 97
DATA	1699457215	999701976	19552	18	""	2023-11-08	10:26:55	13215.505	409.14468	39.6497	47.6765	30.6869	29.5184	0.00409593	34.804	47.9039	-171.5	-0.419204	23.9503	 72
DATA	1699457216	999570131	19562	18	""	2023-11-08	10:26:56	13212.202	409.1369	39.6504	47.6914	30.6736	29.5174	0.0040788	34.7847	47.9178	-157.9	-0.425878	23.95	172
DATA	1699457217	999570131	19572	18	""	2023-11-08	10:26:57	13207.952	408.70822	39.6489	47.706	30.6588	29.5055	0.00406429	34.8062	47.932	-125.5	-0.432552	23.95	153
DATA	1699457218	999570131	19582	18	""	2023-11-08	10:26:58	13203.143	408.77054	39.6493	47.7194	30.647	29.5053	0.0040474	34.788	47.9455	-134.2	-0.437892	23.9492	216
DATA	1699457219	999438047	19592	19	""	2023-11-08	10:26:59	13128.497	396.87167	39.6497	47.7336	30.6343	29.4928	0.00365278	34.8174	47.9596	-174	-0.445902	23.9495	 75
DATA	1699457220	999438047	19602	18	""	2023-11-08	10:27:00	13219.924	403.11526	39.6493	47.7478	30.6195	29.4923	0.00402064	34.8148	47.9737	-187.2	-0.445902	23.9494	101
DATA	1699457221	999438047	19612	18	""	2023-11-08	10:27:01	13215.881	402.97946	39.6499	47.7615	30.6053	29.4943	0.00400284	34.7983	47.9872	-121.9	-0.442698	23.9489	131
DATA	1699457222	999310970	19622	16	""	2023-11-08	10:27:02	13213.25	402.94846	39.6494	47.7756	30.5985	29.5013	0.00397898	34.7943	48.0012	-80.7	-0.437892	23.9495	 16
DATA	1699457223	999310970	19632	16	""	2023-11-08	10:27:03	13209.747	403.20639	39.6493	47.7897	30.5901	29.5023	0.0039639	34.7972	48.0152	-110.7	-0.437892	23.9495	 54
DATA	1699457224	999310970	19642	16	""	2023-11-08	10:27:04	13206.281	402.78864	39.6496	47.8037	30.5791	29.5015	0.00395219	34.8017	48.0287	-106.9	-0.437892	23.9495	111
DATA	1699457225	999179124	19652	16	""	2023-11-08	10:27:05	13202.03	402.64597	39.6502	47.8179	30.5719	29.5014	0.00392874	34.7977	48.0428	-118.8	-0.437892	23.9499	 71
DATA	1699457226	999179124	19662	16	""	2023-11-08	10:27:06	13198.814	402.45441	39.6502	47.8315	30.561	29.5014	0.00391807	34.7972	48.0574	-126.5	-0.437892	23.9494	 50
DATA	1699457227	999179124	19672	16	""	2023-11-08	10:27:07	13195.299	402.33377	39.6499	47.8459	30.5495	29.5014	0.00390447	34.7987	48.0714	-155.6	-0.437892	23.9499	154
DATA	1699457228	999052047	19682	16	""	2023-11-08	10:27:08	13192.355	401.98294	39.6494	47.8599	30.5379	29.5014	0.00388603	34.8004	48.0854	-86.3	-0.437892	23.9495	 85
DATA	1699457229	999052047	19692	16	""	2023-11-08	10:27:09	13188.491	401.87009	39.6494	47.8743	30.5298	29.5014	0.00387532	34.7979	48.0989	-161.8	-0.437892	23.9491	149
DATA	1699457230	999052047	19702	16	""	2023-11-08	10:27:10	13182.185	401.89627	39.6491	47.8889	30.5196	29.5014	0.00385789	34.7959	48.1129	-98.9	-0.437892	23.9489	 98
DATA	1699457231	998924016	19712	16	""	2023-11-08	10:27:11	13168.028	401.75299	39.6497	47.9025	30.5101	29.5014	0.00384049	34.7994	48.1267	-125.3	-0.437892	23.9494	 98
DATA	1699457232	998924016	19722	16	""	2023-11-08	10:27:12	13136.495	401.07544	39.65	47.9163	30.5004	29.5014	0.00381998	34.7984	48.1405	-103.7	-0.437892	23.95	137
DATA	1699457233	998924016	19732	16	""	2023-11-08	10:27:13	13081.888	401.42743	39.6496	47.9307	30.4926	29.5014	0.00379689	34.8007	48.1548	-119.1	-0.437892	23.9503	110
DATA	1699457234	998790025	19742	16	""	2023-11-08	10:27:14	13001.973	401.11349	39.6496	47.9447	30.4821	29.5014	0.00377	34.8027	48.1682	-117.2	-0.437892	23.9503	185
DATA	1699457235	998790025	19752	16	""	2023-11-08	10:27:15	12903.258	400.51215	39.6502	47.9584	30.4708	29.5014	0.00375127	34.8081	48.1821	-119.1	-0.437892	23.9494	 84
DATA	1699457236	998790025	19762	16	""	2023-11-08	10:27:16	12795.463	400.12482	39.6496	47.9727	30.4623	29.5014	0.00372112	34.8098	48.1961	-117	-0.437892	23.9494	 11
DATA	1699457237	998660087	19772	16	""	2023-11-08	10:27:17	12676.732	400.05057	39.6494	47.9867	30.4529	29.5014	0.00368811	34.8149	48.2098	-131.5	-0.437892	23.9494	128
DATA	1699457238	998660087	19782	16	""	2023-11-08	10:27:18	12547.72	399.68213	39.6497	48.0008	30.4444	29.5014	0.00365874	34.8175	48.224	-108.4	-0.437892	23.9494	 24
DATA	1699457239	998660087	19792	16	""	2023-11-08	10:27:19	12416.868	399.3822	39.6493	48.0145	30.4366	29.5014	0.003634	34.819	48.2383	-131.6	-0.437892	23.9495	178
DATA	1699457240	998532056	19802	16	""	2023-11-08	10:27:20	12286.251	398.98746	39.6494	48.0286	30.4261	29.5014	0.00360863	34.8243	48.2523	-116.1	-0.437892	23.9495	 97
DATA	1699457241	998532056	19812	16	""	2023-11-08	10:27:21	12163.629	398.71356	39.6496	48.0427	30.4138	29.5014	0.00357894	34.8299	48.2661	-96.2	-0.437892	23.9497	 79
DATA	1699457242	998532056	19822	16	""	2023-11-08	10:27:22	12047.147	398.68829	39.6502	48.0572	30.4079	29.5014	0.00354164	34.8293	48.2797	-100.9	-0.437892	23.9499	116
DATA	1699457243	998404979	19832	16	""	2023-11-08	10:27:23	11936.857	398.56281	39.6499	48.0714	30.3973	29.5014	0.00351115	34.8342	48.2938	-112.5	-0.437892	23.95	 20
DATA	1699457244	998404979	19842	16	""	2023-11-08	10:27:24	11833.289	398.20627	39.6497	48.0856	30.3904	29.5014	0.00348352	34.8367	48.3076	-94.3	-0.437892	23.9492	 87
DATA	1699457245	998404979	19852	16	""	2023-11-08	10:27:25	11731.399	398.29807	39.6489	48.0991	30.3825	29.5014	0.00345489	34.8351	48.3214	-144.5	-0.437892	23.9492	142
DATA	1699457246	998274087	19862	16	""	2023-11-08	10:27:26	11637.753	397.24652	39.6502	48.1134	30.3729	29.5014	0.00343315	34.8398	48.3353	-174.6	-0.437892	23.9492	115
DATA	1699457247	998274087	19872	16	""	2023-11-08	10:27:27	11548.485	397.26703	39.6494	48.1273	30.3616	29.5008	0.00340694	34.8435	48.3491	-115.6	-0.439227	23.9489	129
DATA	1699457248	998274087	19882	16	""	2023-11-08	10:27:28	11466.263	396.92725	39.6491	48.1412	30.3524	29.4997	0.00338368	34.8444	48.3629	-119.2	-0.439672	23.9494	145
DATA	1699457249	998144149	19892	16	""	2023-11-08	10:27:29	11389.61	396.46689	39.6488	48.1552	30.3422	29.4997	0.00336129	34.8465	48.3767	-98.1	-0.439672	23.9503	 58
DATA	1699457250	998144149	19902	16	""	2023-11-08	10:27:30	11317.574	396.17447	39.6499	48.1689	30.3314	29.4997	0.00333416	34.8498	48.3904	-108.9	-0.439672	23.9503	128
DATA	1699457251	998144149	19912	16	""	2023-11-08	10:27:31	11251.547	395.96127	39.6494	48.1833	30.3225	29.4997	0.00331244	34.8484	48.4048	-114.7	-0.439672	23.9503	103
DATA	1699457252	998015165	19922	16	""	2023-11-08	10:27:32	11189.327	396.1145	39.6493	48.197	30.316	29.4997	0.00329295	34.8471	48.4189	-121.3	-0.439672	23.9499	228
DATA	1699457253	998015165	19932	16	""	2023-11-08	10:27:33	11130.324	395.47665	39.6494	48.2108	30.3055	29.4997	0.00326516	34.8511	48.4327	-120.8	-0.439672	23.9492	 95
DATA	1699457254	998015165	19942	16	""	2023-11-08	10:27:34	11074.947	395.28137	39.6493	48.2254	30.2955	29.4997	0.00324007	34.8526	48.4469	-100.6	-0.439672	23.9492	120
DATA	1699457255	997884035	19952	16	""	2023-11-08	10:27:35	11023.419	395.28232	39.6496	48.2399	30.2872	29.4992	0.00322436	34.8524	48.4604	-148.3	-0.441096	23.9491	116
DATA	1699457256	997884035	19962	16	""	2023-11-08	10:27:36	10972.868	394.63345	39.6504	48.2537	30.2773	29.4971	0.00319669	34.855	48.4742	-136.1	-0.442342	23.9495	 85
DATA	1699457257	997884035	19972	16	""	2023-11-08	10:27:37	10925.647	394.23758	39.6494	48.2679	30.266	29.497	0.00318923	34.8531	48.4881	-135.6	-0.442342	23.9495	 45
DATA	1699457258	997764110	19982	16	""	2023-11-08	10:27:38	10881.231	393.89191	39.6497	48.2815	30.2539	29.497	0.00316294	34.8588	48.5018	-108.6	-0.442342	23.9495	 83
DATA	1699457259	997764110	19992	16	""	2023-11-08	10:27:39	10838.263	393.82907	39.6493	48.2955	30.2436	29.497	0.00314818	34.8555	48.5159	-105.6	-0.442342	23.9497	 87
DATA	1699457260	997764110	20002	16	""	2023-11-08	10:27:40	10797.683	393.1749	39.6493	48.3095	30.2334	29.497	0.00311724	34.8593	48.5294	-142.4	-0.442342	23.95	134
DATA	1699457261	997637033	20012	16	""	2023-11-08	10:27:41	10762.815	392.48828	39.6494	48.3237	30.222	29.497	0.00309559	34.8614	48.5434	-119.3	-0.442342	23.9495	245
DATA	1699457262	997637033	20022	16	""	2023-11-08	10:27:42	10725.452	392.65268	39.6496	48.3377	30.2124	29.497	0.00308123	34.8603	48.5571	-99.9	-0.442342	23.9489	253
DATA	1699457263	997637033	20032	16	""	2023-11-08	10:27:43	10692.856	392.5368	39.6494	48.3514	30.204	29.497	0.00305721	34.8597	48.5708	-125.8	-0.442342	23.9492	200
DATA	1699457264	997498035	20042	16	""	2023-11-08	10:27:44	10662.292	392.04053	39.6499	48.3655	30.1935	29.497	0.00303737	34.8624	48.5849	-110	-0.442342	23.9489	210
DATA	1699457265	997498035	20052	16	""	2023-11-08	10:27:45	10634.894	391.91144	39.6496	48.3795	30.186	29.497	0.00301469	34.8579	48.5994	-115.8	-0.442342	23.9494	 34
DATA	1699457266	997498035	20062	16	""	2023-11-08	10:27:46	10605.701	391.78885	39.6496	48.3931	30.1765	29.497	0.00299605	34.861	48.6129	-96.3	-0.442342	23.9503	222
DATA	1699457267	997365951	20072	16	""	2023-11-08	10:27:47	10578.541	391.18097	39.6505	48.4079	30.1652	29.4962	0.00298095	34.8617	48.6272	-130.4	-0.4443	23.9503	  2
DATA	1699457268	997365951	20082	16	""	2023-11-08	10:27:48	10552.122	390.98422	39.6496	48.4223	30.1537	29.4932	0.00295769	34.8637	48.6406	-156.6	-0.445902	23.95	 12
DATA	1699457269	997365951	20092	16	""	2023-11-08	10:27:49	10526.422	390.55807	39.6499	48.4358	30.1429	29.4934	0.00293671	34.8625	48.6544	-126.8	-0.445902	23.9492	128
DATA	1699457270	997236967	20102	16	""	2023-11-08	10:27:50	10501.455	389.71902	39.6504	48.4502	30.1329	29.4934	0.00291611	34.8628	48.6682	-67.8	-0.445902	23.9494	 42
DATA	1699457271	997236967	20112	16	""	2023-11-08	10:27:51	10477.004	389.91284	39.6496	48.464	30.1259	29.4934	0.00289636	34.859	48.6822	-150.1	-0.445902	23.9489	 17
DATA	1699457272	997236967	20122	16	""	2023-11-08	10:27:52	10456.242	389.46667	39.6504	48.4776	30.1146	29.4934	0.0028823	34.8602	48.6958	-128	-0.445902	23.9495	225
DATA	1699457273	997108936	20132	16	""	2023-11-08	10:27:53	10435.207	389.38602	39.6504	48.4918	30.1062	29.4934	0.00285476	34.8622	48.7093	-112.6	-0.445902	23.9495	 92
DATA	1699457274	997108936	20142	16	""	2023-11-08	10:27:54	10415.875	388.58545	39.6499	48.5057	30.0955	29.4934	0.00284607	34.8602	48.7236	-157.2	-0.445902	23.9495	126
DATA	1699457275	997108936	20152	16	""	2023-11-08	10:27:55	10397.557	388.47217	39.6496	48.5196	30.0831	29.4934	0.00282613	34.8624	48.7373	-112.2	-0.445902	23.9495	115
DATA	1699457276	996977090	20162	16	""	2023-11-08	10:27:56	10383.437	388.27441	39.6489	48.5337	30.0736	29.4934	0.00282934	34.8599	48.7507	-117.8	-0.445902	23.9499	145
DATA	1699457277	996977090	20172	16	""	2023-11-08	10:27:57	10374.827	388.5864	39.6504	48.5474	30.0634	29.4934	0.00284262	34.8611	48.765	-118.7	-0.445902	23.9497	 25
DATA	1699457278	996977090	20182	16	""	2023-11-08	10:27:58	10367.664	389.11734	39.65	48.5618	30.0529	29.4934	0.00285872	34.8639	48.7797	-115	-0.445902	23.9492	199
DATA	1699457279	996848106	20192	16	""	2023-11-08	10:27:59	10362.239	389.76544	39.6494	48.5751	30.0444	29.4934	0.00287079	34.8625	48.7931	-149.8	-0.445902	23.9492	141
DATA	1699457280	996848106	20202	16	""	2023-11-08	10:28:00	10355.901	390.28122	39.6494	48.5897	30.0324	29.4934	0.0028941	34.8641	48.807	-95.2	-0.445902	23.9492	189
DATA	1699457281	996848106	20212	16	""	2023-11-08	10:28:01	10351.195	390.39169	39.6493	48.6045	30.0209	29.4934	0.00291305	34.8644	48.8209	-115.7	-0.445902	23.9489	 88
DATA	1699457282	996725082	20222	16	""	2023-11-08	10:28:02	10344.953	390.58267	39.65	48.6177	30.0102	29.4934	0.00293412	34.8647	48.8347	-109.4	-0.445902	23.9494	242
DATA	1699457283	996725082	20232	16	""	2023-11-08	10:28:03	10337.574	391.32062	39.6497	48.6319	30.0024	29.4924	0.00295005	34.8626	48.8481	-157.6	-0.448217	23.95	238
DATA	1699457284	996725082	20242	16	""	2023-11-08	10:28:04	10330.179	391.37354	39.6499	48.6458	29.9888	29.4892	0.00297267	34.8663	48.8622	-126.6	-0.449463	23.95	 43
DATA	1699457285	996594905	20252	16	""	2023-11-08	10:28:05	10323.522	391.90872	39.6499	48.6599	29.9762	29.4897	0.00299017	34.8644	48.8763	-105.7	-0.449463	23.95	 52
DATA	1699457286	996594905	20262	16	""	2023-11-08	10:28:06	10316.524	392.54501	39.6497	48.6735	29.9695	29.4899	0.00300404	34.8615	48.8894	-118.7	-0.449463	23.9495	145
DATA	1699457287	996594905	20272	16	""	2023-11-08	10:28:07	10308.187	392.9679	39.6496	48.6873	29.9589	29.4899	0.00302957	34.8596	48.9036	-124.1	-0.449463	23.9491	125
DATA	1699457288	996464014	20282	16	""	2023-11-08	10:28:08	10301.296	393.34427	39.6496	48.7017	29.9472	29.4899	0.00304678	34.8622	48.9173	-160.6	-0.449463	23.9489	135
DATA	1699457289	996464014	20292	16	""	2023-11-08	10:28:09	10293.883	393.58008	39.6497	48.7154	29.9367	29.4899	0.00306629	34.8634	48.9306	-81.3	-0.449463	23.9495	104
DATA	1699457290	996464014	20302	16	""	2023-11-08	10:28:10	10285.296	394.22604	39.6505	48.7292	29.928	29.4899	0.00307879	34.8619	48.9447	-114.1	-0.449463	23.9495	 72
DATA	1699457291	996330976	20312	16	""	2023-11-08	10:28:11	10277.617	394.03625	39.6494	48.7434	29.9165	29.4899	0.00309956	34.8603	48.9592	-153.3	-0.449463	23.9495	136
DATA	1699457292	996330976	20322	16	""	2023-11-08	10:28:12	10270.454	394.41174	39.6496	48.757	29.9073	29.4899	0.00310895	34.8612	48.973	-138.6	-0.449463	23.9495	 31
DATA	1699457293	996330976	20332	16	""	2023-11-08	10:28:13	10264.441	394.81076	39.6494	48.7714	29.8955	29.4899	0.00313624	34.8646	48.9867	-106.4	-0.449463	23.9499	148
DATA	1699457294	996199131	20342	16	""	2023-11-08	10:28:14	10259.876	395.04132	39.65	48.7861	29.885	29.4899	0.00314833	34.8638	49.0004	-100.7	-0.449463	23.95	112
DATA	1699457295	996199131	20352	16	""	2023-11-08	10:28:15	10254.224	395.69128	39.6499	48.7998	29.875	29.4899	0.00316695	34.8648	49.0146	-107.6	-0.449463	23.9499	115
DATA	1699457296	996199131	20362	16	""	2023-11-08	10:28:16	10250.942	395.98944	39.6497	48.8136	29.8653	29.4899	0.00318263	34.8619	49.0276	-114.4	-0.449463	23.9492	146
DATA	1699457297	996070146	20372	16	""	2023-11-08	10:28:17	10245.369	396.2507	39.6494	48.8274	29.8542	29.4899	0.00319984	34.8616	49.0416	-91.2	-0.449463	23.9489	 44
DATA	1699457298	996070146	20382	16	""	2023-11-08	10:28:18	10240.712	396.45822	39.6491	48.8415	29.8434	29.4899	0.00322083	34.8624	49.0557	-129.9	-0.449463	23.9489	129
DATA	1699457299	996070146	20392	16	""	2023-11-08	10:28:19	10235.335	396.7858	39.6493	48.8551	29.8337	29.4888	0.00323463	34.8642	49.0689	-134.3	-0.451867	23.9502	 85
DATA	1699457300	995937108	20402	16	""	2023-11-08	10:28:20	10228.619	396.85849	39.6491	48.869	29.8211	29.4856	0.00324916	34.8652	49.0831	-106.6	-0.453024	23.9502	 45
DATA	1699457301	995937108	20412	16	""	2023-11-08	10:28:21	10221.028	397.11487	39.6499	48.883	29.8119	29.4861	0.00326929	34.8624	49.0966	-131.4	-0.453024	23.9503	 41
DATA	1699457302	995937108	20422	16	""	2023-11-08	10:28:22	10213.531	397.82608	39.6499	48.8973	29.8025	29.4863	0.003283	34.8592	49.1105	-126.7	-0.453024	23.9506	246
DATA	1699457303	995813131	20432	16	""	2023-11-08	10:28:23	10204.959	398.14709	39.6504	48.9106	29.7906	29.4863	0.00330233	34.8622	49.1239	-118.8	-0.453024	23.9494	 81
DATA	1699457304	995813131	20442	16	""	2023-11-08	10:28:24	10195.982	398.53482	39.6499	48.9249	29.781	29.4863	0.00331606	34.8634	49.1383	-117.7	-0.453024	23.9495	 64
DATA	1699457305	995813131	20452	16	""	2023-11-08	10:28:25	10186.981	398.55853	39.6499	48.9386	29.77	29.4863	0.0033271	34.8619	49.1525	-144.5	-0.453024	23.9492	223
DATA	1699457306	995685100	20462	16	""	2023-11-08	10:28:26	10177.063	398.66309	39.6496	48.9528	29.7599	29.4863	0.00334174	34.8627	49.1658	-114.5	-0.453024	23.9495	129
DATA	1699457307	995685100	20472	16	""	2023-11-08	10:28:27	10167.611	399.34418	39.6497	48.9672	29.75	29.4863	0.00335475	34.8642	49.1797	-114.1	-0.453024	23.9495	 16
DATA	1699457308	995685100	20482	16	""	2023-11-08	10:28:28	10157.701	399.06427	39.6497	48.981	29.7401	29.4863	0.00336915	34.8629	49.1937	-140.7	-0.453024	23.9495	 65
DATA	1699457309	995552062	20492	16	""	2023-11-08	10:28:29	10147.894	399.23318	39.6497	48.9948	29.7287	29.4863	0.0033876	34.8654	49.2067	-85.4	-0.453024	23.95	199
DATA	1699457310	995552062	20502	16	""	2023-11-08	10:28:30	10138.542	399.4436	39.6499	49.0087	29.7199	29.4863	0.00339908	34.8626	49.221	-113.9	-0.453024	23.9495	255
DATA	1699457311	995552062	20512	16	""	2023-11-08	10:28:31	10131.27	400.04001	39.6491	49.0226	29.7097	29.4863	0.00340964	34.8622	49.2347	-138.5	-0.453024	23.95	147
DATA	1699457312	995429039	20522	16	""	2023-11-08	10:28:32	10123.417	399.79575	39.6497	49.037	29.6973	29.4863	0.00342749	34.8642	49.2487	-103.6	-0.453024	23.9495	 70
DATA	1699457313	995429039	20532	16	""	2023-11-08	10:28:33	10115.973	400.24133	39.6497	49.0502	29.6884	29.4863	0.00344193	34.863	49.262	-106.8	-0.453024	23.9492	233
DATA	1699457314	995429039	20542	16	""	2023-11-08	10:28:34	10109.124	400.37518	39.6502	49.0644	29.6794	29.4863	0.0034534	34.8619	49.2757	-132.7	-0.453024	23.9492	 35
DATA	1699457315	995291948	20552	16	""	2023-11-08	10:28:35	10102.469	400.27155	39.6504	49.0785	29.6673	29.485	0.00347227	34.8652	49.2897	-101	-0.455072	23.9489	215
DATA	1699457316	995291948	20562	16	""	2023-11-08	10:28:36	10097.015	400.70892	39.6494	49.0918	29.6592	29.4827	0.00347863	34.8651	49.3029	-123.2	-0.455695	23.9499	131
DATA	1699457317	995291948	20572	16	""	2023-11-08	10:28:37	10092.159	401.57697	39.6494	49.1061	29.6475	29.483	0.00349408	34.8632	49.3173	-141.6	-0.455695	23.9503	 69
DATA	1699457318	995161056	20582	16	""	2023-11-08	10:28:38	10087.692	401.53085	39.6497	49.1197	29.6386	29.4836	0.0034986	34.8605	49.3317	-112.7	-0.455695	23.9503	 72
DATA	1699457319	995161056	20592	16	""	2023-11-08	10:28:39	10082.409	401.47208	39.6493	49.1343	29.6281	29.4836	0.00351333	34.8608	49.3451	-139.6	-0.455695	23.9503	 95
DATA	1699457320	995161056	20602	16	""	2023-11-08	10:28:40	10077.563	401.44073	39.6497	49.1485	29.6181	29.4836	0.00352562	34.8624	49.3587	-130.3	-0.455695	23.9495	 94
DATA	1699457321	995038032	20612	16	""	2023-11-08	10:28:41	10072.208	401.69968	39.6494	49.1621	29.6071	29.4836	0.00353641	34.8611	49.3725	-149.5	-0.455695	23.9495	 93
DATA	1699457322	995038032	20622	16	""	2023-11-08	10:28:42	10065.56	401.63284	39.6499	49.1764	29.5939	29.4836	0.0035493	34.8654	49.3863	-107.4	-0.455695	23.9495	 18
DATA	1699457323	995038032	20632	16	""	2023-11-08	10:28:43	10062.292	402.07288	39.6497	49.1899	29.5841	29.4836	0.00355586	34.8634	49.3997	-112.9	-0.455695	23.9497	135
DATA	1699457324	994902133	20642	16	""	2023-11-08	10:28:44	10057.329	402.33173	39.6505	49.2038	29.5739	29.4836	0.00357444	34.8637	49.4134	-117.2	-0.455695	23.9495	 96
DATA	1699457325	994902133	20652	16	""	2023-11-08	10:28:45	10053.431	402.04251	39.6489	49.218	29.5624	29.4836	0.00358625	34.863	49.4274	-105.9	-0.455695	23.9495	250
DATA	1699457326	994902133	20662	16	""	2023-11-08	10:28:46	10049.613	402.37839	39.6486	49.2312	29.5551	29.4836	0.00360005	34.8622	49.4407	-104.1	-0.45623	23.95	171
DATA	1699457327	994770050	20672	16	""	2023-11-08	10:28:47	10047.051	402.69257	39.6496	49.2453	29.5448	29.4801	0.00360492	34.8641	49.4545	-151.7	-0.460771	23.9499	104
DATA	1699457328	994770050	20682	80	""	2023-11-08	10:28:48	10042.361	402.87149	39.6499	49.2592	29.5314	29.4783	0.00361246	34.8636	49.4686	-143.6	-0.461038	23.95	  7
DATA	1699457329	994770050	20692	80	""	2023-11-08	10:28:49	10039.077	402.83481	39.6493	49.2732	29.5209	29.4788	0.00360941	34.8638	49.4818	-132.3	-0.461038	23.9502	106
DATA	1699457330	994640111	20702	80	""	2023-11-08	10:28:50	10034.499	402.62292	39.6502	49.287	29.5109	29.4792	0.00361004	34.8638	49.4958	-103.6	-0.461038	23.9492	 21
DATA	1699457331	994640111	20712	80	""	2023-11-08	10:28:51	10030.059	403.37976	39.6504	49.3006	29.5004	29.4792	0.00360613	34.8618	49.5104	-129.9	-0.461038	23.9495	 61
DATA	1699457332	994640111	20722	80	""	2023-11-08	10:28:52	10026.807	403.22311	39.6499	49.3153	29.4902	29.4792	0.0036062	34.8628	49.5241	-125.5	-0.461038	23.9489	 17
DATA	1699457333	994518041	20732	80	""	2023-11-08	10:28:53	10023.266	403.39633	39.6489	49.3293	29.4797	29.4789	0.0036032	34.8619	49.5377	-132	-0.461038	23.95	109
DATA	1699457334	994518041	20742	80	""	2023-11-08	10:28:54	10021.43	403.46387	39.6499	49.343	29.4708	29.4792	0.00360425	34.8606	49.5512	-121.7	-0.461038	23.9502	229
DATA	1699457335	994518041	20752	80	""	2023-11-08	10:28:55	10018.705	403.49402	39.6502	49.3573	29.46	29.4792	0.00360288	34.8594	49.5652	-207	-0.461038	23.9503	141
DATA	1699457336	994385957	20762	80	""	2023-11-08	10:28:56	10017.097	403.18295	39.65	49.3708	29.4474	29.4792	0.00359775	34.8615	49.5788	-137.6	-0.461038	23.9497	 49
DATA	1699457337	994385957	20772	80	""	2023-11-08	10:28:57	10016.347	403.57687	39.6493	49.3845	29.4366	29.4792	0.00359889	34.8602	49.5922	-123.2	-0.461038	23.9495	147
DATA	1699457338	994385957	20782	80	""	2023-11-08	10:28:58	10014.968	403.67145	39.6493	49.3987	29.4258	29.4792	0.00359008	34.8613	49.6062	-136.5	-0.461038	23.9495	142
DATA	1699457339	994255065	20792	80	""	2023-11-08	10:28:59	10013.058	403.677	39.6499	49.4125	29.4142	29.4792	0.00358811	34.8628	49.6198	-91.4	-0.461038	23.9495	228
DATA	1699457340	994255065	20802	80	""	2023-11-08	10:29:00	10010.795	403.5369	39.6496	49.4263	29.4051	29.4792	0.00357999	34.8617	49.6333	-120.1	-0.461038	23.9499	 45
DATA	1699457341	994255065	20812	80	""	2023-11-08	10:29:01	10006.737	403.63083	39.6499	49.4401	29.3953	29.4792	0.0035758	34.8616	49.647	-118.5	-0.461038	23.9499	  3
DATA	1699457342	994134902	20822	80	""	2023-11-08	10:29:02	10001.101	403.62781	39.6499	49.4541	29.3838	29.4792	0.00356975	34.8614	49.6608	-101.4	-0.461038	23.9499	 88
DATA	1699457343	994134902	20832	80	""	2023-11-08	10:29:03	9993.4512	403.76538	39.6496	49.4676	29.3741	29.4792	0.00356435	34.8617	49.6742	-129.8	-0.461038	23.9502	125
DATA	1699457344	994134902	20842	80	""	2023-11-08	10:29:04	9985.7744	403.72235	39.6499	49.4812	29.3636	29.4792	0.00356658	34.8612	49.6886	-121.4	-0.461038	23.95	 28
DATA	1699457345	993995904	20852	80	""	2023-11-08	10:29:05	9975.0039	403.87064	39.6493	49.4956	29.3537	29.4792	0.00355769	34.8612	49.7026	-144.8	-0.461038	23.95	 43
DATA	1699457346	993995904	20862	80	""	2023-11-08	10:29:06	9964.5986	404.0556	39.6497	49.5102	29.3432	29.4792	0.00354934	34.8625	49.7161	-103.6	-0.461038	23.9499	 89
DATA	1699457347	993995904	20872	80	""	2023-11-08	10:29:07	9953.6367	404.25381	39.6505	49.5238	29.3348	29.4787	0.00354353	34.8609	49.7295	-113.7	-0.461038	23.9492	145
DATA	1699457348	993865013	20882	80	""	2023-11-08	10:29:08	9945.3604	404.11487	39.6499	49.538	29.3237	29.4792	0.00353893	34.8616	49.7436	-121.7	-0.461038	23.9499	 93
DATA	1699457349	993865013	20892	80	""	2023-11-08	10:29:09	9936.4482	404.21942	39.65	49.5517	29.3133	29.4792	0.00353232	34.862	49.7569	-120.3	-0.461038	23.9492	215
DATA	1699457350	993865013	20902	80	""	2023-11-08	10:29:10	9927.1895	404.14594	39.6502	49.5652	29.3024	29.4792	0.00352297	34.8614	49.7706	-122.7	-0.461038	23.9502	 94
DATA	1699457351	993737936	20912	80	""	2023-11-08	10:29:11	9920.0029	404.22531	39.6502	49.5793	29.293	29.4792	0.00351273	34.86	49.7843	-138.3	-0.461038	23.9503	197
DATA	1699457352	993737936	20922	80	""	2023-11-08	10:29:12	9914.2236	404.35043	39.6497	49.5934	29.2831	29.4792	0.00351131	34.8609	49.7979	-119.6	-0.461038	23.9503	119
DATA	1699457353	993737936	20932	80	""	2023-11-08	10:29:13	9914.7334	404.60907	39.65	49.6074	29.2709	29.4792	0.00350621	34.8578	49.8116	-131.1	-0.461038	23.9495	 13
DATA	1699457354	993612051	20942	80	""	2023-11-08	10:29:14	9925.6865	404.50293	39.6504	49.6206	29.2599	29.4792	0.00349354	34.8586	49.8249	-114.7	-0.461038	23.9495	131
DATA	1699457355	993612051	20952	80	""	2023-11-08	10:29:15	9949.8945	405.09811	39.6497	49.6347	29.2487	29.4792	0.00349224	34.8563	49.8389	-130	-0.461038	23.9494	 47
DATA	1699457356	993612051	20962	80	""	2023-11-08	10:29:16	9984.1826	404.98004	39.6497	49.6487	29.2376	29.4792	0.00349025	34.8542	49.8526	-100.4	-0.461038	23.9494	127
DATA	1699457357	993477106	20972	80	""	2023-11-08	10:29:17	10030.593	405.8812	39.6493	49.6619	29.2308	29.4792	0.00348487	34.849	49.8664	-150.1	-0.461038	23.9499	 28
DATA	1699457358	993477106	20982	80	""	2023-11-08	10:29:18	10090.073	405.93573	39.65	49.6762	29.2176	29.479	0.00349177	34.8494	49.8805	-150.9	-0.461038	23.9497	239
DATA	1699457359	993477106	20992	80	""	2023-11-08	10:29:19	10156.572	406.25766	39.6493	49.6907	29.2036	29.4792	0.00349559	34.8466	49.894	-139.9	-0.461038	23.9495	106
DATA	1699457360	993346929	21002	80	""	2023-11-08	10:29:20	10228.637	406.63559	39.6497	49.7042	29.1923	29.4792	0.00349326	34.846	49.9076	-110.6	-0.461038	23.9502	 46
DATA	1699457361	993346929	21012	80	""	2023-11-08	10:29:21	10305.116	407.37085	39.6497	49.7182	29.1805	29.4792	0.00349604	34.842	49.921	-142.4	-0.461038	23.95	135
DATA	1699457362	993346929	21022	80	""	2023-11-08	10:29:22	10380.835	408.35272	39.6496	49.7319	29.1705	29.479	0.00349586	34.8374	49.9349	-146.5	-0.461038	23.95	227
DATA	1699457363	993216991	21032	80	""	2023-11-08	10:29:23	10455.878	408.86926	39.6494	49.7459	29.1589	29.4792	0.00349723	34.8367	49.9486	-141.3	-0.461038	23.9495	153
DATA	1699457364	993216991	21042	80	""	2023-11-08	10:29:24	10528.111	409.15384	39.65	49.7594	29.1474	29.4792	0.00349642	34.8324	49.9619	-147.3	-0.461038	23.9492	  7
DATA	1699457365	993216991	21052	80	""	2023-11-08	10:29:25	10602.894	409.45203	39.6497	49.7733	29.1374	29.4792	0.00350057	34.8297	49.9759	-133.2	-0.461038	23.9495	122
DATA	1699457366	993088960	21062	80	""	2023-11-08	10:29:26	10671.608	408.98923	39.6493	49.7875	29.1244	29.4792	0.00350553	34.8305	49.9892	-162	-0.461038	23.9495	 37
DATA	1699457367	993088960	21072	80	""	2023-11-08	10:29:27	10737.81	408.50912	39.6483	49.8005	29.1124	29.4792	0.00350184	34.8264	50.0027	-158.5	-0.461038	23.9505	 31
DATA	1699457368	993088960	21082	80	""	2023-11-08	10:29:28	10799.895	408.21286	39.6504	49.8148	29.1006	29.4792	0.00349998	34.8295	50.0166	-90.9	-0.461038	23.9503	 84
DATA	1699457369	992959976	21092	80	""	2023-11-08	10:29:29	10858.827	408.10226	39.6496	49.8283	29.0916	29.4792	0.00349997	34.8247	50.0301	-153.5	-0.461038	23.9503	133
DATA	1699457370	992959976	21102	80	""	2023-11-08	10:29:30	10912.829	408.00323	39.6496	49.8423	29.0828	29.4792	0.00348664	34.8222	50.044	-154.6	-0.461038	23.9497	 50
DATA	1699457371	992959976	21112	80	""	2023-11-08	10:29:31	10965.16	407.27252	39.6499	49.856	29.0704	29.4792	0.00348653	34.8206	50.0579	-142.5	-0.461038	23.9495	 15
DATA	1699457372	992838144	21122	80	""	2023-11-08	10:29:32	11011.821	406.74365	39.6502	49.8706	29.0599	29.4792	0.00348223	34.8208	50.0718	-149.7	-0.461038	23.9497	 90
DATA	1699457373	992838144	21132	80	""	2023-11-08	10:29:33	11055.552	406.00269	39.65	49.8845	29.0483	29.4792	0.00347353	34.819	50.0853	-131.3	-0.461038	23.9497	190
DATA	1699457374	992838144	21142	80	""	2023-11-08	10:29:34	11094.673	405.93585	39.6497	49.898	29.0375	29.4792	0.00346845	34.8181	50.0987	-136.6	-0.461038	23.9499	 90
DATA	1699457375	992699146	21152	80	""	2023-11-08	10:29:35	11133.131	405.65469	39.6497	49.9118	29.0251	29.4792	0.00346731	34.8185	50.1126	-134.2	-0.461038	23.9497	 94
DATA	1699457376	992699146	21162	80	""	2023-11-08	10:29:36	11167.423	405.65417	39.6496	49.9259	29.0144	29.4792	0.00345463	34.8177	50.1259	-130	-0.461038	23.9495	 14
DATA	1699457377	992699146	21172	80	""	2023-11-08	10:29:37	11199.436	405.43182	39.6496	49.939	29.0038	29.4792	0.00344568	34.8149	50.1394	-106	-0.461038	23.9502	223
DATA	1699457378	992573022	21182	80	""	2023-11-08	10:29:38	11227.67	405.27744	39.6507	49.9532	28.9926	29.4792	0.0034464	34.8128	50.1532	-126.5	-0.461038	23.95	150
DATA	1699457379	992573022	21192	80	""	2023-11-08	10:29:39	11253.029	403.85349	39.6499	49.967	28.9809	29.4792	0.00345399	34.8037	50.1669	-109.7	-0.461038	23.95	239
DATA	1699457380	992573022	21202	80	""	2023-11-08	10:29:40	11270.964	401.08264	39.6504	49.9808	28.9707	29.4792	0.00350422	34.7792	50.1806	-120.4	-0.461038	23.9499	 76
DATA	1699457381	992439985	21212	80	""	2023-11-08	10:29:41	11283.813	397.88052	39.6496	49.9946	28.9594	29.4792	0.00357571	34.7496	50.1938	-92.9	-0.461038	23.9492	106
DATA	1699457382	992439985	21222	80	""	2023-11-08	10:29:42	11295.443	393.83646	39.6505	50.0081	28.9514	29.4792	0.0036437	34.7075	50.2077	-160	-0.461038	23.9495	202
DATA	1699457383	992439985	21232	80	""	2023-11-08	10:29:43	11309.479	391.46194	39.6499	50.022	28.9387	29.4792	0.00369633	34.6789	50.2209	-129.8	-0.461038	23.9492	 83
DATA	1699457384	992310047	21242	80	""	2023-11-08	10:29:44	11322.038	390.25055	39.6499	50.0356	28.9285	29.4792	0.00371094	34.6621	50.2351	-135.5	-0.461038	23.9503	 60
DATA	1699457385	992310047	21252	80	""	2023-11-08	10:29:45	11342.222	390.16684	39.6504	50.05	28.9155	29.4792	0.0037006	34.653	50.2493	-108.8	-0.461038	23.9503	107
DATA	1699457386	992310047	21262	80	""	2023-11-08	10:29:46	11360.165	390.88669	39.6496	50.0644	28.9053	29.4792	0.00366698	34.6521	50.2627	-150.5	-0.461038	23.9502	 94
DATA	1699457387	992181062	21272	80	""	2023-11-08	10:29:47	11379.574	391.64978	39.65	50.0775	28.8918	29.4792	0.00363003	34.6577	50.2765	-95	-0.461038	23.9499	139
DATA	1699457388	992181062	21282	80	""	2023-11-08	10:29:48	11397.011	393.12509	39.6494	50.0916	28.8841	29.4792	0.00357622	34.6638	50.2897	-145.6	-0.461038	23.9495	111
DATA	1699457389	992181062	21292	80	""	2023-11-08	10:29:49	11415.756	394.46774	39.6497	50.1053	28.8729	29.4792	0.0035371	34.6747	50.3034	-156.6	-0.461038	23.9495	 67
DATA	1699457390	992051124	21302	80	""	2023-11-08	10:29:50	11433.187	395.54135	39.6494	50.1191	28.86	29.4792	0.00349349	34.6866	50.317	-124.4	-0.461038	23.9495	184
DATA	1699457391	992051124	21312	80	""	2023-11-08	10:29:51	11448.049	396.58463	39.6504	50.1328	28.8496	29.4792	0.00345155	34.6971	50.3304	-130.1	-0.461038	23.9499	 79
DATA	1699457392	992051124	21322	80	""	2023-11-08	10:29:52	11461.704	397.62418	39.6499	50.1465	28.8407	29.4792	0.0034117	34.7079	50.3443	-134	-0.461038	23.9499	192
DATA	1699457393	991928100	21332	80	""	2023-11-08	10:29:53	11474.075	398.51382	39.65	50.1606	28.8297	29.4792	0.00338514	34.7131	50.3576	-141.9	-0.461038	23.9499	249
DATA	1699457394	991928100	21342	80	""	2023-11-08	10:29:54	11486.413	398.86435	39.65	50.1738	28.8178	29.4792	0.0033579	34.7239	50.371	-145.2	-0.461038	23.9503	151
DATA	1699457395	991928100	21352	80	""	2023-11-08	10:29:55	11497.83	399.31137	39.6497	50.1876	28.804	29.479	0.0033326	34.7333	50.3848	-104.8	-0.461038	23.95	 52
DATA	1699457396	991791963	21362	80	""	2023-11-08	10:29:56	11507.868	400.26407	39.65	50.2017	28.7933	29.4792	0.00330659	34.7395	50.3982	-116.8	-0.461038	23.9502	  2
DATA	1699457397	991791963	21372	80	""	2023-11-08	10:29:57	11518.033	400.31439	39.6497	50.2151	28.7814	29.4792	0.0032837	34.745	50.412	-119.5	-0.461038	23.9499	201
DATA	1699457398	991791963	21382	80	""	2023-11-08	10:29:58	11526.921	400.59143	39.6502	50.2291	28.7722	29.4789	0.00326058	34.7484	50.4259	-111.3	-0.461038	23.9492	 99
DATA	1699457399	991660118	21392	80	""	2023-11-08	10:29:59	11534.453	400.32556	39.6502	50.2437	28.7609	29.4792	0.00323821	34.7524	50.4399	-135.9	-0.461038	23.9489	100
DATA	1699457400	991660118	21402	80	""	2023-11-08	10:30:00	11542.531	401.01685	39.65	50.2574	28.7493	29.4792	0.00321912	34.7564	50.4531	-118.2	-0.461038	23.9494	191
DATA	1699457401	991660118	21412	80	""	2023-11-08	10:30:01	11550.303	401.17697	39.65	50.2709	28.7402	29.4792	0.0032025	34.7585	50.4667	-134.8	-0.461038	23.9503	144
DATA	1699457402	991539955	21422	80	""	2023-11-08	10:30:02	11556.779	400.88202	39.6505	50.2847	28.7289	29.4792	0.00318308	34.7606	50.4804	-127.1	-0.461038	23.9503	 75
DATA	1699457403	991539955	21432	80	""	2023-11-08	10:30:03	11562.89	401.17624	39.6508	50.2989	28.719	29.4792	0.00316309	34.7621	50.4937	-143.1	-0.461038	23.9503	232
DATA	1699457404	991539955	21442	80	""	2023-11-08	10:30:04	11568.821	400.8638	39.6505	50.3122	28.7071	29.4792	0.00315099	34.7655	50.5074	-146.5	-0.461038	23.9495	 28
DATA	1699457405	991400957	21452	80	""	2023-11-08	10:30:05	11573.585	400.94168	39.65	50.3261	28.6952	29.4792	0.00312919	34.769	50.5208	-120.9	-0.461038	23.9495	184
DATA	1699457406	991400957	21462	80	""	2023-11-08	10:30:06	11579.098	401.04657	39.6489	50.3398	28.6829	29.4792	0.00311516	34.7702	50.5346	-164.1	-0.461038	23.9495	 94
DATA	1699457407	991400957	21472	80	""	2023-11-08	10:30:07	11584.985	400.93854	39.6504	50.3533	28.6715	29.4792	0.00309796	34.7714	50.5479	-125	-0.461038	23.9491	  2
DATA	1699457408	991274833	21482	80	""	2023-11-08	10:30:08	11589.029	400.83923	39.6496	50.3672	28.661	29.4792	0.00308142	34.7723	50.5613	-152.9	-0.461038	23.9497	 40
DATA	1699457409	991274833	21492	80	""	2023-11-08	10:30:09	11593.988	400.67432	39.6496	50.3807	28.6489	29.479	0.00306571	34.7735	50.5752	-122.5	-0.461038	23.9499	 67
DATA	1699457410	991274833	21502	80	""	2023-11-08	10:30:10	11597.711	400.74133	39.6497	50.3945	28.639	29.4792	0.00304823	34.7757	50.5881	-107.2	-0.461038	23.9499	 29
DATA	1699457411	991142034	21512	80	""	2023-11-08	10:30:11	11601.867	400.38504	39.6507	50.4081	28.6277	29.479	0.00303509	34.7768	50.6022	-116.4	-0.461038	23.9503	239
DATA	1699457412	991142034	21522	80	""	2023-11-08	10:30:12	11604.182	400.35718	39.6496	50.4225	28.618	29.4792	0.00301934	34.7757	50.6163	-164.1	-0.461038	23.95	146
DATA	1699457413	991142034	21532	80	""	2023-11-08	10:30:13	11607.55	400.20853	39.6502	50.4369	28.6035	29.4792	0.00300633	34.778	50.63	-99.4	-0.461038	23.95	199
DATA	1699457414	991009950	21542	80	""	2023-11-08	10:30:14	11610.919	400.05222	39.6504	50.4499	28.593	29.4792	0.00298823	34.7784	50.6434	-114.4	-0.461038	23.9495	 22
DATA	1699457415	991009950	21552	80	""	2023-11-08	10:30:15	11613.743	400.16119	39.6491	50.4638	28.5825	29.4792	0.00297628	34.7786	50.6567	-151.2	-0.461038	23.9492	 88
DATA	1699457416	991009950	21562	80	""	2023-11-08	10:30:16	11617.3	399.70135	39.6496	50.4777	28.5708	29.4792	0.00296225	34.7786	50.6705	-139.7	-0.461038	23.9495	 12
DATA	1699457417	990880012	21572	80	""	2023-11-08	10:30:17	11619.112	399.50415	39.6494	50.491	28.5579	29.4792	0.00295028	34.7792	50.6836	-139.1	-0.461038	23.9494	 48
DATA	1699457418	990880012	21582	80	""	2023-11-08	10:30:18	11622.633	399.2746	39.6499	50.505	28.5475	29.4792	0.00293708	34.7794	50.6971	-131.3	-0.461038	23.9503	251
DATA	1699457419	990880012	21592	80	""	2023-11-08	10:30:19	11623.819	399.15588	39.6505	50.5185	28.5347	29.4792	0.00292357	34.7805	50.711	-111.3	-0.461038	23.9503	 32
DATA	1699457420	990749120	21602	80	""	2023-11-08	10:30:20	11624.229	399.37509	39.6502	50.5326	28.5251	29.4792	0.00290517	34.7817	50.7243	-132.7	-0.461038	23.9503	 54
DATA	1699457421	990749120	21612	80	""	2023-11-08	10:30:21	11626.531	398.78461	39.6499	50.5458	28.5127	29.479	0.00289072	34.7807	50.7378	-138.7	-0.461038	23.9495	 57
DATA	1699457422	990749120	21622	80	""	2023-11-08	10:30:22	11627.743	398.96124	39.65	50.5597	28.5016	29.4792	0.00287478	34.7811	50.7511	-146.6	-0.461038	23.9495	246
DATA	1699457423	990632057	21632	80	""	2023-11-08	10:30:23	11630.637	398.25647	39.6494	50.5737	28.4892	29.4792	0.0028626	34.7831	50.7649	-102.8	-0.461038	23.9495	 54
DATA	1699457424	990632057	21642	80	""	2023-11-08	10:30:24	11630.092	398.2562	39.6505	50.587	28.478	29.4792	0.0028517	34.7816	50.7782	-138.1	-0.461038	23.9497	146
DATA	1699457425	990632057	21652	80	""	2023-11-08	10:30:25	11631.405	398.03818	39.6494	50.6011	28.4691	29.4792	0.00283776	34.7785	50.7921	-111.9	-0.461038	23.9499	 96
DATA	1699457426	990493059	21662	80	""	2023-11-08	10:30:26	11632.713	397.86276	39.6502	50.6153	28.4562	29.4792	0.00282696	34.7809	50.8062	-130.6	-0.461038	23.9499	103
DATA	1699457427	990493059	21672	80	""	2023-11-08	10:30:27	11632.932	397.87241	39.6507	50.629	28.4449	29.4792	0.00281241	34.7816	50.8194	-110	-0.461038	23.9499	208
DATA	1699457428	990493059	21682	80	""	2023-11-08	10:30:28	11634.694	397.21259	39.6504	50.6427	28.4349	29.4792	0.00279808	34.7799	50.8329	-162.4	-0.461038	23.9503	122
DATA	1699457429	990361928	21692	80	""	2023-11-08	10:30:29	11633.544	397.15851	39.6496	50.6562	28.4214	29.4792	0.00278976	34.7834	50.8463	-123.1	-0.461038	23.95	  8
DATA	1699457430	990361928	21702	80	""	2023-11-08	10:30:30	11635.631	397.27832	39.6497	50.6703	28.4085	29.4792	0.00277836	34.7833	50.8601	-150.3	-0.461038	23.9502	 76
DATA	1699457431	990361928	21712	80	""	2023-11-08	10:30:31	11635.605	396.67151	39.6499	50.6835	28.3974	29.4792	0.00276673	34.7818	50.8733	-99.6	-0.461038	23.9492	 73
DATA	1699457432	990234136	21722	80	""	2023-11-08	10:30:32	11635.858	396.38162	39.6489	50.6972	28.3854	29.4792	0.00275817	34.7818	50.8868	-151.3	-0.461038	23.9495	119
DATA	1699457433	990234136	21732	80	""	2023-11-08	10:30:33	11635.089	396.41177	39.6499	50.7114	28.374	29.4792	0.00274378	34.7824	50.9006	-105.7	-0.461038	23.9495	 40
DATA	1699457434	990234136	21742	80	""	2023-11-08	10:30:34	11634.716	395.74265	39.6504	50.7246	28.3632	29.4792	0.00273119	34.7816	50.9136	-125.9	-0.461038	23.9494	 83
DATA	1699457435	990105152	21752	80	""	2023-11-08	10:30:35	11633.962	395.76782	39.6499	50.7385	28.3533	29.4791	0.00271569	34.781	50.9273	-153.7	-0.461038	23.9503	 50
DATA	1699457436	990105152	21762	80	""	2023-11-08	10:30:36	11633.576	395.27927	39.6504	50.7521	28.3395	29.4788	0.00270737	34.7811	50.9408	-153.9	-0.461038	23.9503	 89
DATA	1699457437	990105152	21772	80	""	2023-11-08	10:30:37	11634.172	395.28018	39.6505	50.7659	28.3279	29.4792	0.00269853	34.7804	50.9544	-128.1	-0.461038	23.9506	 93
DATA	1699457438	989974021	21782	80	""	2023-11-08	10:30:38	11633.613	394.42892	39.65	50.7793	28.3175	29.479	0.00268468	34.7799	50.9676	-140.2	-0.461038	23.9495	238
DATA	1699457439	989974021	21792	80	""	2023-11-08	10:30:39	11633.295	394.30225	39.6494	50.7935	28.3046	29.479	0.00267641	34.7795	50.9818	-127.4	-0.461038	23.9495	 74
DATA	1699457440	989974021	21802	80	""	2023-11-08	10:30:40	11631.782	394.38852	39.6493	50.8078	28.2913	29.4791	0.0026721	34.7791	50.9957	-139	-0.461038	23.9495	217
DATA	1699457441	989841938	21812	80	""	2023-11-08	10:30:41	11631.759	394.06549	39.6496	50.8211	28.2795	29.4792	0.00266077	34.7807	51.0089	-137.8	-0.461038	23.9492	118
DATA	1699457442	989841938	21822	80	""	2023-11-08	10:30:42	11629.898	393.80835	39.6499	50.8347	28.2693	29.4792	0.00265499	34.7803	51.0224	-114.1	-0.461038	23.9502	115
DATA	1699457443	989841938	21832	80	""	2023-11-08	10:30:43	11629.302	393.81302	39.6502	50.8485	28.2579	29.4792	0.00264413	34.7793	51.0361	-137.6	-0.461038	23.9497	 97
DATA	1699457444	989711999	21842	80	""	2023-11-08	10:30:44	11629.094	393.04672	39.65	50.8619	28.2463	29.4791	0.00263052	34.7795	51.0492	-167.8	-0.461038	23.9497	 18
DATA	1699457445	989711999	21852	80	""	2023-11-08	10:30:45	11626.026	392.93942	39.6499	50.8757	28.2345	29.4792	0.00263124	34.7769	51.0627	-125.9	-0.461038	23.9502	119
DATA	1699457446	989711999	21862	80	""	2023-11-08	10:30:46	11626.064	392.58041	39.6505	50.8892	28.2218	29.4792	0.0026242	34.7803	51.0762	-155	-0.461038	23.9502	197
DATA	1699457447	989582061	21872	80	""	2023-11-08	10:30:47	11624.363	392.37912	39.6504	50.9032	28.2082	29.4792	0.0026205	34.7795	51.0899	-126.2	-0.461038	23.9502	 33
DATA	1699457448	989582061	21882	80	""	2023-11-08	10:30:48	11624.23	391.6962	39.6494	50.9165	28.196	29.4792	0.00261284	34.7789	51.1029	-165.7	-0.461038	23.9495	224
DATA	1699457449	989582061	21892	80	""	2023-11-08	10:30:49	11622.313	391.63181	39.6494	50.9303	28.1847	29.4792	0.00260886	34.7786	51.1165	-123.5	-0.461038	23.9499	110
DATA	1699457450	989453077	21902	80	""	2023-11-08	10:30:50	11621.44	391.54556	39.6494	50.9442	28.1739	29.4792	0.00260338	34.7792	51.1302	-145.5	-0.461038	23.9499	 38
DATA	1699457451	989453077	21912	80	""	2023-11-08	10:30:51	11620.65	390.98618	39.6497	50.9574	28.1613	29.4792	0.00260146	34.779	51.1433	-123.4	-0.461038	23.9497	250
DATA	1699457452	989453077	21922	80	""	2023-11-08	10:30:52	11618.493	390.78009	39.65	50.9714	28.1505	29.4792	0.00259958	34.7788	51.1568	-119.5	-0.461038	23.9503	 11
DATA	1699457453	989333152	21932	80	""	2023-11-08	10:30:53	11615.916	390.42688	39.6505	50.9858	28.139	29.479	0.00258946	34.7781	51.1711	-145.1	-0.461038	23.9503	250
DATA	1699457454	989333152	21942	80	""	2023-11-08	10:30:54	11613.356	390.46442	39.6497	50.9997	28.1273	29.4792	0.00259142	34.7797	51.1848	-163.4	-0.461038	23.9506	110
DATA	1699457455	989333152	21952	80	""	2023-11-08	10:30:55	11610.47	389.78418	39.6507	51.013	28.1149	29.4792	0.00259088	34.7788	51.1978	-124.7	-0.461038	23.9495	 12
DATA	1699457456	989201068	21962	80	""	2023-11-08	10:30:56	11607.524	389.66531	39.6494	51.0264	28.1028	29.4792	0.00258878	34.7794	51.2113	-110.2	-0.461038	23.9495	 94
DATA	1699457457	989201068	21972	80	""	2023-11-08	10:30:57	11604.869	389.15668	39.6496	51.0406	28.0929	29.4792	0.00258421	34.7775	51.225	-144.9	-0.461038	23.9495	 71
DATA	1699457458	989201068	21982	80	""	2023-11-08	10:30:58	11601.939	388.73279	39.65	51.0536	28.0832	29.4792	0.00258232	34.7766	51.2378	-165	-0.461038	23.9497	174
DATA	1699457459	989066123	21992	80	""	2023-11-08	10:30:59	11598.52	388.3187	39.651	51.0675	28.069	29.4792	0.00258209	34.7759	51.2517	-156	-0.461038	23.9497	 82
DATA	1699457460	989066123	22002	80	""	2023-11-08	10:31:00	11597.199	388.03848	39.65	51.0813	28.0563	29.4792	0.00259061	34.7791	51.265	-122.4	-0.461038	23.9499	183
DATA	1699457461	989066123	22012	80	""	2023-11-08	10:31:01	11594.855	387.56061	39.6505	51.0947	28.0445	29.4792	0.00259366	34.7785	51.2785	-120.7	-0.461038	23.9502	 82
DATA	1699457462	988938093	22022	80	""	2023-11-08	10:31:02	11592.619	387.08276	39.6496	51.1085	28.0347	29.4792	0.00258685	34.7767	51.2916	-149.8	-0.461038	23.95	 16
DATA	1699457463	988938093	22032	80	""	2023-11-08	10:31:03	11589.369	387.17557	39.65	51.1218	28.0242	29.4792	0.00259374	34.7754	51.3053	-177.9	-0.461038	23.9502	252
DATA	1699457464	988938093	22042	80	""	2023-11-08	10:31:04	11587.223	386.59494	39.6499	51.1359	28.0113	29.4792	0.002599	34.7753	51.3189	-160.4	-0.461038	23.9502	  2
DATA	1699457465	988811969	22052	80	""	2023-11-08	10:31:05	11584.329	386.15359	39.6488	51.1489	27.9978	29.4792	0.00260311	34.7752	51.3317	-159.6	-0.461038	23.9499	133
DATA	1699457466	988811969	22062	80	""	2023-11-08	10:31:06	11582.46	385.68674	39.6494	51.1632	27.9831	29.4792	0.0026104	34.7764	51.3458	-106.7	-0.461038	23.9499	 18
DATA	1699457467	988811969	22072	80	""	2023-11-08	10:31:07	11579.903	385.30054	39.6496	51.1775	27.9728	29.4792	0.0026178	34.7749	51.3598	-150.5	-0.461038	23.9492	 82
DATA	1699457468	988678932	22082	80	""	2023-11-08	10:31:08	11578.311	384.73871	39.6488	51.1905	27.9585	29.4792	0.00262378	34.7755	51.3729	-119.4	-0.461038	23.9502	129
DATA	1699457469	988678932	22092	80	""	2023-11-08	10:31:09	11573.063	384.55136	39.6504	51.2045	27.9486	29.4792	0.00262453	34.7732	51.3864	-111.6	-0.461038	23.9503	 94
DATA	1699457470	988678932	22102	80	""	2023-11-08	10:31:10	11570.073	384.39658	39.6505	51.218	27.9391	29.4792	0.00262941	34.7731	51.3998	-133.4	-0.461038	23.9503	 38
DATA	1699457471	988546133	22112	80	""	2023-11-08	10:31:11	11567.009	384.15863	39.6504	51.2318	27.9262	29.4792	0.00264432	34.7735	51.4136	-163.2	-0.461038	23.9503	 59
DATA	1699457472	988546133	22122	80	""	2023-11-08	10:31:12	11563.109	383.89819	39.6504	51.2451	27.9135	29.4792	0.00264554	34.7756	51.4262	-113.2	-0.461038	23.9499	 84
DATA	1699457473	988546133	22132	80	""	2023-11-08	10:31:13	11560.398	383.10965	39.6512	51.2589	27.902	29.4792	0.00265259	34.772	51.44	-137.9	-0.461038	23.9495	145
DATA	1699457474	988430023	22142	80	""	2023-11-08	10:31:14	11556.784	383.15894	39.6491	51.2727	27.8904	29.4792	0.00266928	34.7731	51.4535	-173.8	-0.461038	23.9495	108
DATA	1699457475	988430023	22152	80	""	2023-11-08	10:31:15	11553.375	382.36618	39.6499	51.2858	27.8778	29.4792	0.00268134	34.771	51.4666	-128.3	-0.461038	23.95	209
DATA	1699457476	988430023	22162	80	""	2023-11-08	10:31:16	11551.035	381.93268	39.6499	51.2998	27.8681	29.4792	0.00268053	34.7714	51.4801	-169.3	-0.461038	23.9497	107
DATA	1699457477	988285064	22172	80	""	2023-11-08	10:31:17	11545.013	381.70844	39.6499	51.3132	27.8545	29.4792	0.00271056	34.773	51.4935	-133.2	-0.461038	23.9499	 44
DATA	1699457478	988285064	22182	80	""	2023-11-08	10:31:18	11542.056	381.51318	39.6496	51.3267	27.8425	29.4792	0.00271683	34.7715	51.5071	-110.7	-0.461038	23.9502	 83
DATA	1699457479	988285064	22192	80	""	2023-11-08	10:31:19	11539.066	380.12128	39.6505	51.3405	27.8311	29.479	0.00273298	34.7702	51.52	-144.2	-0.461038	23.95	 75
DATA	1699457480	988157033	22202	80	""	2023-11-08	10:31:20	11534.188	380.14578	39.6499	51.3546	27.8183	29.4792	0.00274575	34.7696	51.534	-176.6	-0.461038	23.9502	 46
DATA	1699457481	988157033	22212	80	""	2023-11-08	10:31:21	11529.605	380.15939	39.6494	51.3687	27.8075	29.4792	0.00276034	34.7691	51.5481	-138.1	-0.461038	23.9502	 84
DATA	1699457482	988157033	22222	80	""	2023-11-08	10:31:22	11526.085	379.49329	39.65	51.3817	27.7961	29.4792	0.00277978	34.7692	51.561	-172.9	-0.461038	23.9495	222
DATA	1699457483	988031148	22232	80	""	2023-11-08	10:31:23	11520.751	379.31125	39.65	51.3957	27.7832	29.4792	0.00280101	34.7696	51.5746	-151.7	-0.461038	23.9495	233
DATA	1699457484	988031148	22242	80	""	2023-11-08	10:31:24	11517.671	378.7157	39.6496	51.4092	27.7692	29.4792	0.00281986	34.7708	51.588	-132.8	-0.461038	23.9495	 18
DATA	1699457485	988031148	22252	80	""	2023-11-08	10:31:25	11513.905	377.90182	39.6497	51.4224	27.7558	29.4792	0.00283876	34.7736	51.6012	-129.2	-0.461038	23.9502	 89
DATA	1699457486	987907886	22262	80	""	2023-11-08	10:31:26	11510.979	377.17676	39.6497	51.4363	27.7449	29.4792	0.00285289	34.771	51.6144	-138.5	-0.461038	23.9503	 84
DATA	1699457487	987907886	22272	80	""	2023-11-08	10:31:27	11504.951	376.83221	39.6507	51.4497	27.734	29.4792	0.00287389	34.7703	51.6282	-121	-0.461038	23.9503	215
DATA	1699457488	987907886	22282	80	""	2023-11-08	10:31:28	11501.822	376.62009	39.6494	51.4639	27.7223	29.4792	0.00289413	34.7681	51.6415	-146	-0.461038	23.9505	 10
DATA	1699457489	987770080	22292	80	""	2023-11-08	10:31:29	11498.127	376.48267	39.6496	51.4769	27.71	29.4792	0.00291889	34.7687	51.6548	-157.1	-0.461038	23.9495	 52
DATA	1699457490	987770080	22302	80	""	2023-11-08	10:31:30	11492.221	376.06253	39.6502	51.4906	27.6982	29.4792	0.00293619	34.7679	51.6681	-172.9	-0.461038	23.9495	 97
DATA	1699457491	987770080	22312	80	""	2023-11-08	10:31:31	11488.156	375.59683	39.65	51.5042	27.6857	29.4792	0.00296316	34.7668	51.6815	-158.1	-0.461038	23.9494	 10
DATA	1699457492	987642049	22322	80	""	2023-11-08	10:31:32	11483.419	374.98096	39.6504	51.5174	27.6725	29.4792	0.0029812	34.7666	51.6947	-181.3	-0.461038	23.9495	 63
DATA	1699457493	987642049	22332	80	""	2023-11-08	10:31:33	11479.979	374.82175	39.6507	51.5312	27.6597	29.4792	0.0030079	34.7684	51.708	-182.1	-0.461038	23.9499	 18
DATA	1699457494	987642049	22342	80	""	2023-11-08	10:31:34	11474.163	373.82535	39.6497	51.5456	27.6459	29.4792	0.00303803	34.769	51.7218	-137.4	-0.461038	23.9497	 61
DATA	1699457495	987509965	22352	80	""	2023-11-08	10:31:35	11469.647	373.75003	39.6496	51.5591	27.633	29.4792	0.00306131	34.7687	51.7355	-149	-0.461038	23.9502	216
DATA	1699457496	987509965	22362	80	""	2023-11-08	10:31:36	11464.773	373.15793	39.6496	51.5726	27.6189	29.4792	0.00308821	34.7697	51.7492	-130.3	-0.461038	23.9503	127
DATA	1699457497	987509965	22372	80	""	2023-11-08	10:31:37	11460.365	372.67188	39.6497	51.5864	27.6087	29.4791	0.00311515	34.7678	51.7625	-158	-0.461038	23.9502	 30
DATA	1699457498	987381935	22382	80	""	2023-11-08	10:31:38	11456.705	372.40494	39.6496	51.6002	27.5956	29.4792	0.00313926	34.7678	51.7759	-118.5	-0.461038	23.9502	122
DATA	1699457499	987381935	22392	80	""	2023-11-08	10:31:39	11450.766	371.82043	39.6496	51.6131	27.5847	29.4792	0.00317413	34.7673	51.789	-140.5	-0.461038	23.9492	 64
DATA	1699457500	987381935	22402	80	""	2023-11-08	10:31:40	11446.304	371.12244	39.6504	51.627	27.5719	29.4792	0.00320713	34.7699	51.8022	-125.7	-0.461038	23.9495	 13
DATA	1699457501	987251043	22412	80	""	2023-11-08	10:31:41	11442.443	370.87204	39.6502	51.6405	27.5616	29.4792	0.00323457	34.7651	51.8161	-156	-0.461038	23.9489	213
DATA	1699457502	987251043	22422	80	""	2023-11-08	10:31:42	11435.933	370.33429	39.6504	51.6539	27.5482	29.4792	0.0032636	34.7655	51.8288	-160.6	-0.461038	23.9505	 23
DATA	1699457503	987251043	22432	80	""	2023-11-08	10:31:43	11431.211	369.5799	39.6505	51.6675	27.5363	29.4792	0.00328996	34.7643	51.8426	-166.9	-0.461038	23.9503	 43
DATA	1699457504	987122058	22442	80	""	2023-11-08	10:31:44	11426.477	369.60556	39.6497	51.6812	27.5223	29.4792	0.00332608	34.7665	51.8559	-158.3	-0.461038	23.9503	 96
DATA	1699457505	987122058	22452	80	""	2023-11-08	10:31:45	11422.149	368.5127	39.6493	51.6948	27.5083	29.4792	0.00335706	34.7671	51.8689	-130.3	-0.461038	23.95	195
DATA	1699457506	987122058	22462	80	""	2023-11-08	10:31:46	11416.04	368.00861	39.6496	51.7079	27.4957	29.4792	0.00339074	34.7665	51.8823	-165.7	-0.461038	23.9499	 63
DATA	1699457507	986990928	22472	80	""	2023-11-08	10:31:47	11410.74	367.92303	39.6504	51.7219	27.4835	29.4791	0.00343186	34.7674	51.8955	-113.7	-0.461038	23.9495	 60
DATA	1699457508	986990928	22482	80	""	2023-11-08	10:31:48	11405.87	367.4975	39.6496	51.7363	27.4724	29.4791	0.00346105	34.7645	51.9093	-162.8	-0.461038	23.9495	 29
DATA	1699457509	986990928	22492	80	""	2023-11-08	10:31:49	11399.791	366.71783	39.6496	51.7497	27.459	29.4791	0.00349863	34.7645	51.9229	-158.1	-0.461038	23.9502	105
DATA	1699457510	986863136	22502	80	""	2023-11-08	10:31:50	11393.791	365.9996	39.6502	51.7633	27.4456	29.4788	0.00353276	34.7674	51.9365	-136.9	-0.461038	23.9499	 73
DATA	1699457511	986863136	22512	80	""	2023-11-08	10:31:51	11388.755	366.09439	39.6496	51.7768	27.4331	29.4787	0.00356837	34.7654	51.9499	-164.3	-0.461038	23.9499	140
DATA	1699457512	986863136	22522	80	""	2023-11-08	10:31:52	11383.014	365.15543	39.6497	51.7903	27.421	29.4791	0.00359948	34.7653	51.9631	-129.4	-0.461038	23.95	191
DATA	1699457513	986732959	22532	80	""	2023-11-08	10:31:53	11376.809	364.59015	39.6502	51.8036	27.4094	29.4792	0.00363612	34.7674	51.9764	-132.5	-0.461038	23.95	249
DATA	1699457514	986732959	22542	80	""	2023-11-08	10:31:54	11373.322	363.88943	39.6504	51.8175	27.3984	29.4792	0.0036766	34.7648	51.9896	-171.3	-0.461038	23.9502	 72
DATA	1699457515	986732959	22552	80	""	2023-11-08	10:31:55	11367.847	363.4407	39.65	51.8311	27.3857	29.4792	0.00371809	34.7651	52.0034	-142.5	-0.461038	23.9502	190
DATA	1699457516	986602067	22562	80	""	2023-11-08	10:31:56	11691.577	377.76001	39.6488	51.8444	27.3742	29.4791	0.00327049	34.7153	52.0159	-188.9	-0.461038	23.9492	109
DATA	1699457517	986602067	22572	80	""	2023-11-08	10:31:57	12008.725	395.50113	39.6499	51.858	27.3624	29.4796	0.00293631	34.7752	52.0295	-143.7	-0.461038	23.9492	 49
DATA	1699457518	986602067	22582	80	""	2023-11-08	10:31:58	11926.263	414.53589	39.6507	51.8715	27.3494	29.4783	0.00422694	34.7805	52.043	-130	-0.461038	23.9492	204
DATA	1699457519	986470937	22592	80	""	2023-11-08	10:31:59	12004.613	399.62723	39.6507	51.8849	27.34	29.4794	0.00283391	34.76	52.0561	-134.8	-0.461038	23.9502	153
DATA	1699457520	986470937	22602	80	""	2023-11-08	10:32:00	12023.692	393.34921	39.6504	51.898	27.3281	29.4787	0.00279941	34.7624	52.0694	-170.4	-0.461038	23.9503	 31
DATA	1699457521	986470937	22612	80	""	2023-11-08	10:32:01	12024.259	393.71536	39.65	51.9123	27.3152	29.4783	0.00278085	34.7481	52.0828	-220.1	-0.461038	23.9503	215
DATA	1699457522	986343145	22622	80	""	2023-11-08	10:32:02	12025.267	393.66077	39.65	51.9264	27.3007	29.4783	0.00276667	34.7422	52.096	-202.5	-0.461038	23.9495	179
DATA	1699457523	986343145	22632	80	""	2023-11-08	10:32:03	12025.974	392.91061	39.6496	51.9396	27.2853	29.4791	0.00275237	34.7469	52.1098	-146.9	-0.461038	23.9499	113
DATA	1699457524	986343145	22642	80	""	2023-11-08	10:32:04	12028.67	393.14853	39.6502	51.9535	27.2711	29.479	0.00274348	34.7478	52.1235	-149.6	-0.461038	23.9499	247
DATA	1699457525	986211061	22652	80	""	2023-11-08	10:32:05	12027.635	393.81665	39.6497	51.9668	27.2592	29.479	0.00272681	34.7471	52.1367	-159	-0.461038	23.9499	219
DATA	1699457526	986211061	22662	80	""	2023-11-08	10:32:06	12028.823	393.46872	39.6497	51.9803	27.2476	29.4792	0.00271265	34.747	52.15	-149.4	-0.461038	23.9502	188
DATA	1699457527	986211061	22672	80	""	2023-11-08	10:32:07	12029.899	393.02237	39.6497	51.9936	27.2352	29.4792	0.00269378	34.7445	52.1632	-172.9	-0.461038	23.9502	101
DATA	1699457528	986084938	22682	80	""	2023-11-08	10:32:08	12029.836	392.92532	39.6505	52.0075	27.2223	29.479	0.00268366	34.7443	52.1768	-185.9	-0.461038	23.9499	 68
DATA	1699457529	986084938	22692	80	""	2023-11-08	10:32:09	12030.255	392.79575	39.6504	52.0206	27.2094	29.4787	0.00266591	34.744	52.1895	-159.1	-0.461038	23.9503	 52
DATA	1699457530	986084938	22702	80	""	2023-11-08	10:32:10	12030.58	392.55301	39.6496	52.0342	27.1979	29.4787	0.00264839	34.7441	52.2029	-228.1	-0.461038	23.95	180
DATA	1699457531	985957860	22712	80	""	2023-11-08	10:32:11	12030.586	392.86414	39.65	52.0478	27.1836	29.4789	0.00263692	34.743	52.2167	-162.4	-0.461038	23.9502	189
DATA	1699457532	985957860	22722	80	""	2023-11-08	10:32:12	12030.815	392.51328	39.6488	52.061	27.1704	29.4792	0.00261929	34.7438	52.2294	-146.9	-0.461038	23.9495	 42
DATA	1699457533	985957860	22732	80	""	2023-11-08	10:32:13	12030.151	392.39496	39.6504	52.0748	27.1575	29.4792	0.00259712	34.7436	52.2429	-191.6	-0.461038	23.9492	 94
DATA	1699457534	985832929	22742	80	""	2023-11-08	10:32:14	12029.651	392.25574	39.65	52.088	27.144	29.4791	0.00258235	34.7442	52.2561	-165.4	-0.461038	23.9495	142
DATA	1699457535	985832929	22752	80	""	2023-11-08	10:32:15	12029.833	392.24969	39.6494	52.102	27.1284	29.4792	0.00256991	34.7449	52.2696	-138.4	-0.461038	23.9492	 68
DATA	1699457536	985832929	22762	80	""	2023-11-08	10:32:16	12029.584	391.76419	39.6504	52.1159	27.117	29.4792	0.00254962	34.7429	52.2825	-189.2	-0.461038	23.9503	 54
DATA	1699457537	985693931	22772	80	""	2023-11-08	10:32:17	12030.601	391.16861	39.6497	52.1295	27.1022	29.4792	0.00253903	34.7467	52.2963	-128.6	-0.461038	23.9503	 84
DATA	1699457538	985693931	22782	80	""	2023-11-08	10:32:18	12030.939	391.54471	39.6496	52.1431	27.0903	29.479	0.00251834	34.7421	52.3102	-153.9	-0.461038	23.9506	 29
DATA	1699457539	985693931	22792	80	""	2023-11-08	10:32:19	12029.031	391.32043	39.6496	52.1562	27.0782	29.4787	0.00250119	34.7433	52.3231	-148.8	-0.461038	23.9495	 89
DATA	1699457540	985567092	22802	80	""	2023-11-08	10:32:20	12029.758	391.08029	39.6494	52.1699	27.0653	29.4787	0.0024833	34.7401	52.3365	-191.2	-0.461038	23.9499	 45
DATA	1699457541	985567092	22812	80	""	2023-11-08	10:32:21	12028.079	391.0072	39.6494	52.1831	27.0505	29.4783	0.00246891	34.7429	52.3499	-157.5	-0.461038	23.9495	 42
DATA	1699457542	985567092	22822	80	""	2023-11-08	10:32:22	12028.434	390.74417	39.6493	52.1967	27.0378	29.4785	0.00245114	34.7436	52.3629	-150.3	-0.461038	23.9497	 93
DATA	1699457543	985440015	22832	80	""	2023-11-08	10:32:23	12027.128	390.53403	39.6508	52.2101	27.0244	29.4791	0.00243264	34.7431	52.3762	-147.5	-0.461038	23.9502	 31
DATA	1699457544	985440015	22842	80	""	2023-11-08	10:32:24	12027.328	390.37772	39.6499	52.2238	27.011	29.4792	0.00241165	34.7411	52.3895	-159.9	-0.461038	23.9499	 37
DATA	1699457545	985440015	22852	80	""	2023-11-08	10:32:25	12026.164	390.56064	39.6502	52.2375	26.9988	29.4786	0.00239863	34.741	52.403	-162.6	-0.461038	23.9502	230
DATA	1699457546	985311031	22862	80	""	2023-11-08	10:32:26	12025.168	390.24332	39.6491	52.2504	26.984	29.4787	0.00238384	34.7414	52.4158	-170.2	-0.461038	23.9503	 13
DATA	1699457547	985311031	22872	80	""	2023-11-08	10:32:27	12023.7	389.86786	39.65	52.2643	26.9695	29.4787	0.00235839	34.7428	52.4294	-137.8	-0.461038	23.95	 68
DATA	1699457548	985311031	22882	80	""	2023-11-08	10:32:28	12024.021	389.78152	39.6502	52.2774	26.957	29.479	0.0023429	34.7415	52.4424	-131	-0.461038	23.9502	 68
DATA	1699457549	985176086	22892	80	""	2023-11-08	10:32:29	12021.204	390.0824	39.6497	52.2914	26.9469	29.4791	0.0023156	34.7374	52.456	-165.2	-0.461038	23.9499	210
DATA	1699457550	985176086	22902	80	""	2023-11-08	10:32:30	12022.688	389.14099	39.6507	52.3053	26.9312	29.4792	0.00230296	34.7402	52.4686	-154	-0.461038	23.9495	243
DATA	1699457551	985176086	22912	80	""	2023-11-08	10:32:31	12020.465	389.34439	39.6502	52.3186	26.9181	29.4792	0.00228065	34.7426	52.4826	-156.2	-0.461038	23.9502	 77
DATA	1699457552	985046863	22922	80	""	2023-11-08	10:32:32	12019.091	389.3468	39.6497	52.3322	26.9041	29.4791	0.00225978	34.7407	52.4963	-135.1	-0.461038	23.9502	 38
DATA	1699457553	985046863	22932	80	""	2023-11-08	10:32:33	12017.496	388.51562	39.6497	52.3453	26.8906	29.479	0.00224205	34.7382	52.5097	-192.5	-0.461038	23.9503	 49
DATA	1699457554	985046863	22942	80	""	2023-11-08	10:32:34	12016.627	388.32669	39.6494	52.3593	26.8766	29.4791	0.0022316	34.7382	52.5231	-172.9	-0.461038	23.9503	 52
DATA	1699457555	984929084	22952	80	""	2023-11-08	10:32:35	12013.938	388.27338	39.65	52.3724	26.8628	29.4792	0.00221424	34.7395	52.5363	-148.8	-0.461038	23.9506	  8
DATA	1699457556	984929084	22962	80	""	2023-11-08	10:32:36	12013.729	387.94867	39.6502	52.3861	26.8505	29.479	0.00218965	34.7372	52.5497	-174.5	-0.461038	23.9502	 74
DATA	1699457557	984929084	22972	80	""	2023-11-08	10:32:37	12012.223	387.74448	39.65	52.3993	26.8375	29.4785	0.00216899	34.739	52.5623	-167.6	-0.461038	23.9495	240
DATA	1699457558	984786033	22982	80	""	2023-11-08	10:32:38	12011.094	387.63141	39.6505	52.4129	26.8249	29.4788	0.00215497	34.7383	52.5763	-181	-0.461038	23.9499	 19
DATA	1699457559	984786033	22992	80	""	2023-11-08	10:32:39	12009.701	387.28305	39.6499	52.4263	26.8101	29.4788	0.00213584	34.7375	52.589	-166.1	-0.461038	23.9499	 72
DATA	1699457560	984786033	23002	80	""	2023-11-08	10:32:40	12008.906	386.84048	39.6496	52.4395	26.7956	29.4789	0.00211886	34.7383	52.6025	-135.2	-0.461038	23.9505	 97
DATA	1699457561	984658956	23012	80	""	2023-11-08	10:32:41	12006.5	386.73416	39.65	52.4534	26.7853	29.4788	0.00209941	34.7383	52.6155	-148.1	-0.461038	23.9499	155
DATA	1699457562	984658956	23022	80	""	2023-11-08	10:32:42	12004.439	387.11115	39.65	52.4665	26.7723	29.4786	0.002085	34.7384	52.6291	-172.3	-0.461038	23.9502	131
DATA	1699457563	984658956	23032	80	""	2023-11-08	10:32:43	12003.473	386.11484	39.6504	52.48	26.7559	29.4785	0.00206746	34.7375	52.6419	-174.1	-0.461038	23.9503	249
DATA	1699457564	984529972	23042	80	""	2023-11-08	10:32:44	12001.658	385.71555	39.6497	52.4945	26.7412	29.4785	0.00204958	34.7384	52.6548	-143.9	-0.461038	23.9503	113
DATA	1699457565	984529972	23052	80	""	2023-11-08	10:32:45	12001.01	385.10785	39.6497	52.508	26.7293	29.4783	0.00202336	34.7356	52.6688	-200.8	-0.461038	23.95	138
DATA	1699457566	984529972	23062	80	""	2023-11-08	10:32:46	11997.965	385.35672	39.6491	52.5215	26.715	29.4785	0.00201204	34.7366	52.6822	-189.8	-0.461038	23.9499	 78
DATA	1699457567	984395980	23072	80	""	2023-11-08	10:32:47	11995.923	384.86087	39.6502	52.5348	26.7016	29.4785	0.00199829	34.7377	52.6958	-158.1	-0.461038	23.9495	153
DATA	1699457568	984395980	23082	80	""	2023-11-08	10:32:48	11994.57	384.78464	39.6502	52.5484	26.6884	29.4783	0.00198517	34.7365	52.7087	-154.4	-0.461038	23.9495	 99
DATA	1699457569	984395980	23092	80	""	2023-11-08	10:32:49	11991.657	384.51114	39.65	52.5615	26.6735	29.4783	0.00197219	34.7357	52.7221	-203.2	-0.461038	23.9495	 11
DATA	1699457570	984267950	23102	80	""	2023-11-08	10:32:50	11988.704	384.19275	39.6499	52.5751	26.6601	29.4783	0.00195407	34.7378	52.7352	-126	-0.461038	23.9505	  4
DATA	1699457571	984267950	23112	80	""	2023-11-08	10:32:51	11986.498	384.10275	39.6507	52.5884	26.6477	29.4787	0.00194248	34.7346	52.7483	-165.1	-0.461038	23.9503	116
DATA	1699457572	984267950	23122	80	""	2023-11-08	10:32:52	11985.605	383.57516	39.6493	52.6019	26.6336	29.4788	0.00192762	34.7345	52.7618	-179.3	-0.461038	23.9503	111
DATA	1699457573	984140872	23132	80	""	2023-11-08	10:32:53	11981.785	382.81534	39.6499	52.6154	26.6203	29.479	0.00190606	34.737	52.7747	-136.3	-0.461038	23.9499	  7
DATA	1699457574	984140872	23142	80	""	2023-11-08	10:32:54	11979.083	382.84946	39.65	52.6287	26.6086	29.4787	0.00189231	34.7341	52.7881	-192.3	-0.461038	23.9499	 24
DATA	1699457575	984140872	23152	80	""	2023-11-08	10:32:55	11976.233	382.31174	39.6499	52.6423	26.5951	29.4787	0.00187806	34.7351	52.8012	-146	-0.461038	23.95	150
DATA	1699457576	984014987	23162	80	""	2023-11-08	10:32:56	11975.532	382.36127	39.6497	52.6554	26.582	29.4787	0.00186131	34.7331	52.8145	-169.8	-0.461038	23.9499	 73
DATA	1699457577	984014987	23172	80	""	2023-11-08	10:32:57	11971.797	381.72488	39.65	52.669	26.5659	29.4791	0.00185162	34.737	52.8271	-130.9	-0.461038	23.9502	177
DATA	1699457578	984014987	23182	80	""	2023-11-08	10:32:58	11967.977	381.54425	39.6502	52.6831	26.5521	29.4783	0.00183687	34.7356	52.8412	-132.5	-0.461038	23.9502	109
DATA	1699457579	983879089	23192	80	""	2023-11-08	10:32:59	11965.009	381.12921	39.65	52.6965	26.5413	29.4783	0.00182656	34.7329	52.8538	-172.8	-0.461038	23.9502	 23
DATA	1699457580	983879089	23202	80	""	2023-11-08	10:33:00	11962.214	380.40234	39.6505	52.7098	26.5273	29.4789	0.00181213	34.7328	52.8671	-156.1	-0.461038	23.9503	 76
DATA	1699457581	983879089	23212	80	""	2023-11-08	10:33:01	11959.543	380.31345	39.6497	52.7235	26.515	29.4789	0.00180692	34.7319	52.8813	-170.6	-0.461038	23.9505	 53
DATA	1699457582	983761072	23222	80	""	2023-11-08	10:33:02	11956.624	380.10678	39.6508	52.7368	26.5025	29.4787	0.00179899	34.7329	52.8943	-128.6	-0.461038	23.9502	110
DATA	1699457583	983761072	23232	80	""	2023-11-08	10:33:03	11954.451	379.38171	39.6502	52.7503	26.4893	29.479	0.00178736	34.7322	52.9073	-167.6	-0.461038	23.9499	 53
DATA	1699457584	983761072	23242	80	""	2023-11-08	10:33:04	11950.419	379.18112	39.6508	52.7635	26.475	29.4786	0.00177349	34.7319	52.9202	-192.2	-0.461038	23.9499	 51
