Marker_Name	Chromosome	Marker_Position	Maf	SNP_Weight	Pvalue	Allele1	Allele2
AX-90793747	3	64268	0.196280991735537	0.0690169966620465	0.379513368213496	2	1
AX-90793761	3	64790	0.256198347107438	0.0773374108363739	0.351254853269866	1	2
AX-90793762	3	64857	0.136363636363636	-0.0356350562939795	0.623249707843825	2	1
AX-90793738	3	80900	0.429752066115702	0.0546919308094526	0.475897166588499	2	1
AX-91553597	3	81305	0.0785123966942149	-0.127372917612657	0.0907074594971138	2	1
AX-90793739	3	81792	0.260330578512397	0.0961607398981375	0.24520391504606	1	2
AX-90793737	3	81926	0.289256198347107	-0.0881035131192645	0.243614841595478	2	1
SNP264505	3	81926	0.177685950413223	-0.12451207730755	0.103266746171011	A	G
AX-91553590	3	85462	0.297520661157025	-0.0939232886981077	0.212853364861393	2	1
AX-91553587	3	85515	0.0619834710743802	-0.00246616870611893	0.974001060637989	2	1
AX-90793742	3	91656	0.425619834710744	0.0488823356232484	0.523999695475947	2	1
AX-90793756	3	92262	0.132231404958678	0.110070666571889	0.147395563368508	2	1
AX-90793758	3	93037	0.239669421487603	0.0186003503236826	0.823787010180696	1	2
AX-90793771	3	107034	0.243801652892562	0.12052723555886	0.151928890782205	1	2
AX-91553614	3	109281	0.264462809917355	0.0726711228711248	0.37365820709745	1	2
AX-90793770	3	114711	0.136363636363636	-0.0356350562939795	0.623249707843825	2	1
AX-90793778	3	163275	0.297520661157025	-0.0939232886981077	0.212853364861393	2	1
AX-91553625	3	208772	0.256198347107438	0.0773374108363739	0.351254853269866	1	2
AX-90793789	3	272553	0.194214876033058	0.0676515824944894	0.388647992957955	2	1
AX-90793797	3	292390	0.299586776859504	-0.089819538503701	0.234114729499979	2	1
AX-91553637	3	303432	0.297520661157025	-0.0939232886981077	0.212853364861393	2	1
AX-90793817	3	308835	0.252066115702479	0.0969372967526363	0.242188592469874	1	2
AX-90793803	3	331357	0.252066115702479	0.0895090343391531	0.285916231940019	1	2
AX-90793829	3	363621	0.421487603305785	0.0179533097361833	0.815531823952116	2	1
AX-90793820	3	364346	0.101239669421488	-0.143278188418418	0.0579995366874407	2	1
AX-90793825	3	374788	0.475206611570248	0.0566462296846058	0.469724226010789	2	1
AX-90793828	3	375843	0.417355371900826	0.0277937927234011	0.71539282853892	2	1
AX-90793805	3	378370	0.388429752066116	-0.105574966648475	0.184200857973436	1	2
AX-90793819	3	381118	0.128099173553719	-0.0368255336317407	0.611184454598652	2	1
AX-91553652	3	414777	0.0826446280991736	0.0623063660485174	0.407253487934256	2	1
AX-90793862	3	421645	0.43801652892562	-0.148913662841394	0.0698315150882887	2	1
AX-90793864	3	422040	0.0867768595041322	0.0641465966197856	0.393665632236301	2	1
AX-90793835	3	464350	0.198347107438017	0.060084014864924	0.441037624062448	2	1
AX-91553669	3	529320	0.293388429752066	-0.0954232378266836	0.204457145133449	2	1
AX-90793883	3	529577	0.256198347107438	0.0773374108363739	0.351254853269866	1	2
AX-90793874	3	534748	0.409090909090909	-0.000956742424523388	0.989994890787362	2	1
SNP264554	3	542577	0.347107438016529	-0.0277538020627152	0.687351721396615	T	C
SNP264556	3	542582	0.301652892561983	-0.0332405470521423	0.621611793774525	G	T
SNP264560	3	543673	0.384297520661157	0.0141114766175942	0.845638377361176	T	C
AX-90628872	3	545636	0.239669421487603	0.107493500826262	0.200179925662442	1	2
SNP264564	3	549836	0.260330578512397	0.0368073319218765	0.621699095277122	A	G
AX-90793882	3	551197	0.264462809917355	0.113292858102596	0.169730812873624	1	2
AX-90793890	3	552062	0.285123966942149	-0.0972613101774788	0.192677319757998	2	1
AX-91553684	3	555842	0.206611570247934	-0.115319593423029	0.133008829395828	2	1
AX-90793869	3	556510	0.283057851239669	-0.084172677366933	0.25510922865012	2	1
AX-90793918	3	740985	0.260330578512397	0.0679646301972941	0.418784006728388	1	2
AX-90793914	3	744730	0.264462809917355	0.0873421894599565	0.297865255355749	1	2
AX-90793946	3	887796	0.326446280991736	-0.0765025904267372	0.314036049371339	2	1
AX-91553720	3	892541	0.264462809917355	0.000165535956363787	0.998378900390584	1	2
AX-91553727	3	898118	0.190082644628099	0.0940260542523985	0.234103965857861	2	1
AX-90793964	3	989025	0.196280991735537	0.0690169966620465	0.379513368213496	2	1
PZE-103000190	3	989725	0.324380165289256	-0.0642186836049374	0.397658297829801	G	A
AX-91341669	3	989725	0.322314049586777	-0.0655332769732832	0.388261204004286	2	1
AX-91553734	3	992274	0.152892561983471	0.0281736315540586	0.715391193996864	2	1
PZE-103000200	3	992354	0.254132231404959	0.0336754316936269	0.675151517034689	T	C
AX-90536787	3	992354	0.254132231404959	0.016042025169855	0.842560133663047	2	1
PZE-103000201	3	992413	0.254132231404959	0.0336754316936269	0.675151517034689	G	A
AX-91553731	3	992511	0.252066115702479	0.0324414097310326	0.686513384545613	2	1
AX-90793986	3	1014030	0.254132231404959	0.0336754316936269	0.675151517034688	2	1
AX-91553754	3	1021670	0.254132231404959	0.0336754316936269	0.675151517034688	2	1
AX-90793976	3	1024132	0.254132231404959	0.0336754316936269	0.675151517034688	2	1
PZE-103000204	3	1024814	0.254132231404959	0.0336754316936269	0.675151517034689	C	T
AX-91341672	3	1024814	0.252066115702479	0.0324414097310326	0.686513384545613	2	1
AX-90794000	3	1025043	0.252066115702479	0.0324414097310326	0.686513384545613	2	1
AX-91553762	3	1025369	0.252066115702479	0.0324414097310326	0.686513384545613	2	1
AX-90793992	3	1025654	0.254132231404959	0.0336754316936269	0.675151517034688	2	1
AX-90793997	3	1026259	0.252066115702479	0.0324414097310326	0.686513384545613	2	1
AX-90793973	3	1026775	0.254132231404959	0.0336754316936269	0.675151517034688	2	1
AX-91553755	3	1027022	0.254132231404959	0.0336754316936269	0.675151517034688	2	1
AX-91553753	3	1027591	0.254132231404959	0.0336754316936269	0.675151517034688	2	1
AX-90793995	3	1028892	0.252066115702479	0.0324414097310326	0.686513384545613	2	1
AX-91553765	3	1029448	0.254132231404959	0.0336754316936269	0.675151517034688	2	1
AX-90793983	3	1030039	0.252066115702479	0.0324414097310326	0.686513384545613	2	1
AX-91553748	3	1030120	0.252066115702479	0.0324414097310326	0.686513384545613	2	1
AX-90793987	3	1031218	0.252066115702479	0.0324414097310326	0.686513384545613	2	1
AX-90793991	3	1035554	0.252066115702479	0.0324414097310326	0.686513384545613	2	1
SNP264623	3	1036520	0.0785123966942149	-0.0829978796074701	0.261739357528509	T	C
SNP264624	3	1036553	0.0785123966942149	-0.0829978796074701	0.261739357528509	T	G
SNP264625	3	1036561	0.0785123966942149	-0.0829978796074701	0.261739357528509	T	C
SNP264630	3	1037704	0.119834710743802	-0.0204328635188369	0.768331835096779	A	C
SNP264632	3	1037853	0.144628099173554	0.0262114850964475	0.725829059687817	C	T
SNP264633	3	1037869	0.144628099173554	0.0262114850964475	0.725829059687817	G	A
SNP264634	3	1037874	0.144628099173554	0.0262114850964475	0.725829059687817	G	T
SNP264635	3	1037882	0.0826446280991736	-0.0239413615428582	0.745210667483803	G	T
PZE-103000289	3	1080251	0.363636363636364	0.00491818128798351	0.951130170067593	C	A
AX-90536795	3	1080251	0.363636363636364	0.00491818128798356	0.951130170067593	2	1
SNP264637	3	1080336	0.169421487603306	-0.0330919629127532	0.652394636245125	C	T
SNP264640	3	1080361	0.173553719008264	-0.0419614338650913	0.565445865928841	C	T
SNP264641	3	1080366	0.169421487603306	-0.0330919629127532	0.652394636245125	C	A
SNP264644	3	1080381	0.169421487603306	-0.0330919629127532	0.652394636245125	T	C
SNP264646	3	1080387	0.169421487603306	-0.0330919629127532	0.652394636245125	C	T
SNP264647	3	1080388	0.169421487603306	-0.0330919629127532	0.652394636245125	C	T
PZE-103000279	3	1083607	0.254132231404959	0.0336754316936269	0.675151517034689	C	T
AX-91341677	3	1083607	0.254132231404959	0.0336754316936269	0.675151517034688	2	1
AX-91553756	3	1087341	0.254132231404959	0.0336754316936269	0.675151517034688	2	1
PZE-103000262	3	1095099	0.254132231404959	0.0336754316936269	0.675151517034689	G	A
AX-90536793	3	1095099	0.258264462809917	0.0508784908172975	0.527195435178796	2	1
PZE-103000261	3	1095356	0.254132231404959	0.0336754316936269	0.675151517034689	C	T
AX-91341675	3	1095356	0.25	0.0124825696232256	0.876637134538824	2	1
SNP264651	3	1095451	0.173553719008264	-0.0752787088515863	0.307840760743077	G	A
SNP264652	3	1095492	0.173553719008264	-0.0752787088515863	0.307840760743077	C	T
AX-91553764	3	1096457	0.252066115702479	0.0324414097310326	0.686513384545613	2	1
AX-90793917	3	1096582	0.12396694214876	-0.0136450953164419	0.862961772309424	2	1
AX-90793988	3	1096951	0.0578512396694215	0.207385688057936	0.00580848122889567	2	1
AX-91847028	3	1103294	0.419421487603306	-0.013160826892749	0.866621519717368	2	1
AX-90794024	3	1104136	0.15495867768595	0.0295110393307309	0.702455022191447	2	1
SNP264663	3	1104193	0.148760330578512	-0.0319908497587598	0.654103925115918	A	C
SNP264664	3	1104194	0.148760330578512	-0.0319908497587598	0.654103925115918	G	T
PZE-103000239	3	1104224	0.254132231404959	0.0336754316936269	0.675151517034689	T	G
AX-90536791	3	1104224	0.254132231404959	0.0336754316936269	0.675151517034688	2	1
SNP264665	3	1104224	0.148760330578512	-0.0319908497587598	0.654103925115918	A	C
AX-90794026	3	1104272	0.254132231404959	0.0336754316936269	0.675151517034688	2	1
PZE-103000238	3	1106932	0.121900826446281	-0.139043414414947	0.086583017195014	A	G
AX-90794016	3	1107324	0.136363636363636	-0.117434293772956	0.173900197733834	2	1
AX-91213215	3	1168768	0.252066115702479	0.00538971093725616	0.94111262755662	2	1
AX-90794008	3	1170824	0.194214876033058	0.00256890845813728	0.971826360421553	2	1
AX-90794006	3	1171491	0.202479338842975	0.0347737416959193	0.633389542220858	2	1
AX-90794030	3	1171895	0.254132231404959	-0.00255997306656896	0.972015310968526	2	1
AX-90794028	3	1171963	0.25	0.00202882508922838	0.977754288429957	2	1
AX-90794029	3	1172009	0.200413223140496	-0.00984643596592693	0.892219909876114	2	1
AX-91553779	3	1172117	0.223140495867769	-0.00254224605242163	0.972150722063851	2	1
AX-90794025	3	1172258	0.256198347107438	-0.0123472568072352	0.865702770185726	2	1
AX-90794003	3	1173156	0.287190082644628	0.0601045465685655	0.428621738964233	2	1
AX-90794022	3	1173404	0.285123966942149	0.0591849953959104	0.435912058139275	2	1
AX-91213212	3	1173502	0.301652892561983	0.0205379747610435	0.785155135745597	2	1
AX-91213213	3	1173860	0.285123966942149	0.0591849953959104	0.435912058139275	2	1
AX-90794045	3	1213492	0.227272727272727	-0.00127201849044113	0.986831917874491	2	1
AX-90794062	3	1214024	0.0661157024793388	0.0699318407150716	0.341743561414692	2	1
AX-90794038	3	1215036	0.227272727272727	-0.00127201849044113	0.986831917874491	2	1
AX-91553792	3	1215101	0.0661157024793388	0.0699318407150716	0.341743561414692	2	1
AX-90794043	3	1215491	0.227272727272727	-0.00127201849044113	0.986831917874491	2	1
AX-90794053	3	1215588	0.227272727272727	-0.00127201849044113	0.986831917874491	2	1
AX-90794033	3	1216210	0.227272727272727	-0.00127201849044113	0.986831917874491	2	1
AX-90794042	3	1216281	0.0578512396694215	0.0148740579223504	0.842297257422741	2	1
AX-90794065	3	1216656	0.227272727272727	-0.00127201849044113	0.986831917874491	2	1
AX-91553799	3	1217034	0.227272727272727	-0.00127201849044113	0.986831917874491	2	1
AX-91553797	3	1217290	0.223140495867769	0.000518284630909084	0.994636488390145	2	1
AX-91213216	3	1218939	0.450413223140496	-0.0616257241601734	0.431270856468397	2	1
PZE-103000307	3	1233964	0.192148760330579	-0.0307796243961988	0.673995072025259	C	A
AX-90536796	3	1233964	0.214876033057851	0.00233159644422837	0.97466307578043	2	1
AX-90794037	3	1239492	0.212809917355372	0.00772612618335043	0.915659440556852	2	1
AX-91553787	3	1239808	0.173553719008264	-0.0461581457391047	0.518991924862855	2	1
SNP264675	3	1258153	0.0537190082644628	-0.0652481266995955	0.379441042828083	A	G
SNP264685	3	1260639	0.206611570247934	0.0472119164028375	0.528222427038174	T	C
SNP264705	3	1261966	0.336776859504132	0.0362298563636968	0.622331059266234	C	T
SNP264707	3	1262017	0.303719008264463	-0.0240331907564634	0.740034263925043	C	T
SNP264713	3	1262209	0.190082644628099	0.174867745590154	0.0254757260080995	A	G
SNP264714	3	1262233	0.371900826446281	0.0252524804431743	0.732545937773611	C	T
AX-91213219	3	1269186	0.241735537190083	0.00349299452759396	0.963875283457393	2	1
AX-90794034	3	1269394	0.0805785123966942	0.0345024661725496	0.653203105840159	2	1
AX-91847030	3	1270760	0.245867768595041	0.00935616686409367	0.90339391365574	2	1
AX-90794044	3	1270921	0.338842975206612	-0.022925326655094	0.771807135026002	2	1
AX-91553798	3	1273082	0.239669421487603	0.0146858369992883	0.848699019703703	2	1
AX-90794048	3	1281995	0.0785123966942149	0.0260551762293923	0.734092727571313	2	1
SNP264724	3	1289855	0.431818181818182	-0.124594134352602	0.112042358843754	C	T
SNP264728	3	1289918	0.359504132231405	-0.0467491738854028	0.540878632955233	A	G
SNP264729	3	1289966	0.293388429752066	-0.0268758311146704	0.72542338478366	T	C
SNP264738	3	1290787	0.0537190082644628	-0.00802703872155385	0.913172281693443	T	C
AX-90794055	3	1290932	0.173553719008264	-0.0223049792073242	0.783914888942268	2	1
AX-90794052	3	1292639	0.0909090909090909	0.027032425602145	0.717581076531097	2	1
AX-91553788	3	1295106	0.411157024793388	-0.114080066353238	0.138852770036188	2	1
SNP264739	3	1295292	0.119834710743802	-0.16267803270579	0.0218585629789064	G	C
AX-90794061	3	1295385	0.194214876033058	-0.0118633281858451	0.878131757066974	2	1
AX-90590214	3	1296922	0.338842975206612	0.0949237720017968	0.232936299417969	1	2
AX-91394939	3	1296930	0.305785123966942	-0.136044252737063	0.0905210405332365	2	1
AX-91422506	3	1297597	0.398760330578512	-0.0571243264469452	0.473538844836445	2	1
AX-90604641	3	1298054	0.435950413223141	-0.0613516040797033	0.456614603721542	2	1
SNP264755	3	1298054	0.466942148760331	-0.0722194839671633	0.396808769885787	G	C
SNP264756	3	1298060	0.466942148760331	-0.0722194839671633	0.396808769885787	C	A
AX-90646356	3	1298139	0.107438016528926	-0.0803917601882243	0.291777725072957	2	1
AX-90794054	3	1298244	0.347107438016529	-0.00413514447468938	0.959764684468769	2	1
AX-91553796	3	1298304	0.489669421487603	0.079418517705507	0.338000959573945	1	2
PZA00309.1	3	1298537	0.5	0.0828139273487393	0.328155935676713	G	A
AX-90527397	3	1298537	0.493801652892562	0.114579793832039	0.173937574200113	1	2
AX-91436322	3	1298636	0.448347107438017	-0.106357008315981	0.208743909382847	2	1
AX-90593402	3	1301925	0.134297520661157	-0.00848484142579608	0.909461664794436	2	1
AX-91213220	3	1302266	0.357438016528926	-0.0514164135309429	0.530453445015147	2	1
AX-90794080	3	1302585	0.107438016528926	0.0803046726013401	0.313554215321764	2	1
AX-90794079	3	1302937	0.0516528925619835	-0.00395861307256015	0.959687285639031	2	1
AX-90794081	3	1302994	0.0991735537190083	-0.155632925480874	0.0501817623685079	2	1
AX-90794068	3	1303245	0.388429752066116	-0.0689451943093486	0.397179253857626	2	1
AX-90794071	3	1303289	0.0991735537190083	-0.155632925480874	0.0501817623685079	2	1
AX-91553801	3	1303408	0.0516528925619835	-0.00395861307256015	0.959687285639031	2	1
AX-91553819	3	1303473	0.148760330578512	-0.0282308381316991	0.707221316605225	2	1
AX-90600565	3	1303704	0.0516528925619835	-0.00395861307256015	0.959687285639031	2	1
AX-91404918	3	1303719	0.28099173553719	0.00682936030223424	0.929051287652316	2	1
SNP264759	3	1303812	0.285123966942149	0.0553340779941873	0.487688702354461	C	T
AX-91404920	3	1303959	0.460743801652893	0.0984619642332655	0.250540039063863	1	2
AX-90794082	3	1304189	0.183884297520661	-0.0814699814839096	0.307219491969341	2	1
AX-90794085	3	1304288	0.169421487603306	0.04661862885506	0.533875294513059	2	1
AX-91553814	3	1304611	0.198347107438017	-0.0742839336944373	0.334066569746761	2	1
AX-90794084	3	1318503	0.31198347107438	-0.0635978697878316	0.436471276676438	2	1
SNP264760	3	1326393	0.371900826446281	-0.0452617102465629	0.589587841513212	C	T
SNP264761	3	1326407	0.417355371900826	-0.0261514502637366	0.757682158346379	G	A
SNP264762	3	1326409	0.371900826446281	-0.0452617102465629	0.589587841513212	C	T
SNP264765	3	1326446	0.159090909090909	-0.0192208354496945	0.814805719486708	G	C
SNP264766	3	1326458	0.121900826446281	0.00201293696501519	0.979029252117738	A	C
SNP264768	3	1326567	0.140495867768595	-0.0313267916131859	0.693656987721184	G	T
SNP264770	3	1326601	0.0785123966942149	-0.00650982522784591	0.935670441712374	A	G
SNP264776	3	1326943	0.107438016528926	0.0143920523085404	0.858131390994006	A	C
SNP264789	3	1327240	0.31404958677686	-0.035440714455347	0.653266707065773	G	A
SNP264795	3	1327300	0.0475206611570248	0.0265352107974006	0.71925244455594	A	G
SNP264796	3	1327315	0.0826446280991736	0.0760418663238538	0.326247008799544	A	G
AX-90794090	3	1335546	0.264462809917355	-0.0910766786123324	0.213067665594839	2	1
SNP264797	3	1337663	0.0619834710743802	-0.00254091997331661	0.971666936163482	A	G
SNP264798	3	1337664	0.12396694214876	-0.0391372412317762	0.604203014413036	T	C
SNP264799	3	1337673	0.227272727272727	0.119340351347725	0.144661052171203	C	G
SNP264800	3	1337674	0.12396694214876	-0.0391372412317762	0.604203014413036	C	T
SNP264801	3	1337683	0.12396694214876	-0.0391372412317762	0.604203014413036	A	G
SNP264802	3	1337705	0.367768595041322	-0.0276262858885438	0.717291547727754	A	T
SNP264803	3	1337707	0.475206611570248	-0.0624518044348513	0.410503601283351	T	C
AX-91847032	3	1338297	0.448347107438017	-0.047337837946071	0.535703360726621	2	1
AX-90794089	3	1338476	0.307851239669421	-0.10273318997447	0.178807956041222	2	1
AX-90794076	3	1338553	0.307851239669421	-0.10273318997447	0.178807956041222	2	1
SNP264812	3	1349505	0.163223140495868	-0.00325559595713969	0.966161448119011	T	G
SNP264813	3	1349507	0.0537190082644628	-0.105579540065871	0.190780564028271	T	A
SNP264817	3	1349570	0.0991735537190083	-0.0525460618442184	0.50823028248677	T	C
PZE-103000485	3	1349649	0.268595041322314	-0.0539038557619252	0.496266131458289	T	C
AX-91341680	3	1349649	0.268595041322314	-0.0539038557619251	0.496266131458291	2	1
SNP264820	3	1349649	0.28099173553719	-0.0502186065359261	0.523115577378932	T	C
SNP264822	3	1349759	0.256198347107438	-0.0366515564293028	0.633695484724068	C	G
SNP264823	3	1349766	0.444214876033058	0.0941565147295632	0.227879272392301	A	G
AX-91553803	3	1350279	0.252066115702479	-0.0468965521082614	0.543545340669042	2	1
PZE-103000496	3	1350487	0.43801652892562	0.0636214452458018	0.410278449221241	T	G
AX-91341681	3	1350487	0.433884297520661	0.0503520494300762	0.517345886534234	1	2
PZE-103000497	3	1350533	0.43801652892562	0.0636214452458018	0.410278449221241	T	C
AX-91341682	3	1350533	0.433884297520661	0.0503520494300762	0.517345886534234	1	2
SNP264829	3	1350600	0.272727272727273	0.0253307015991939	0.737163299702979	G	A
AX-90794070	3	1350764	0.233471074380165	-0.078570564561714	0.303223156672862	2	1
AX-90794078	3	1350888	0.235537190082645	0.141938104106466	0.0911618546967007	1	2
AX-90794093	3	1351187	0.101239669421488	0.0647826137230168	0.408398956286215	2	1
AX-90647214	3	1351339	0.359504132231405	0.117820469245543	0.122862588454662	1	2
SNP264835	3	1351339	0.363636363636364	0.156323298855675	0.038888331924648	T	C
AX-91451048	3	1351341	0.227272727272727	-0.0779432875567392	0.323061485114413	2	1
SNP264836	3	1351341	0.202479338842975	-0.10750162273559	0.174863838797407	C	T
AX-90647215	3	1351375	0.444214876033058	0.120213180931863	0.107344433740613	1	2
SNP264837	3	1351375	0.442148760330579	0.193574480329515	0.00926150575303095	G	T
SNP264840	3	1351420	0.347107438016529	0.138961212126288	0.0659890197133186	A	G
AX-90794087	3	1351603	0.0847107438016529	0.0214994672291777	0.77688965050815	2	1
AX-91553818	3	1351638	0.326446280991736	-0.106317432893435	0.16383805180154	2	1
AX-90794067	3	1352547	0.493801652892562	-0.0586031040375403	0.439693985689418	2	1
AX-90794074	3	1352939	0.15702479338843	-0.0106234230114912	0.890713563839496	2	1
AX-90794091	3	1353076	0.334710743801653	-0.0563721613475833	0.460828319266279	2	1
PZE-103000505	3	1353289	0.332644628099174	-0.0793115989745056	0.295029110414868	G	A
AX-90536800	3	1353289	0.332644628099174	-0.0461460502899415	0.545228130319176	2	1
SNP264841	3	1353289	0.285123966942149	-0.0707493220932088	0.353684750374164	G	A
SNP264843	3	1353319	0.0619834710743802	-0.054606726177354	0.478506579121521	T	A
SNP264844	3	1353323	0.285123966942149	-0.0707493220932088	0.353684750374164	G	A
AX-90794075	3	1353407	0.351239669421488	0.0880026782124316	0.249289215124077	1	2
AX-90639169	3	1353516	0.31198347107438	-0.0564192263001902	0.472619584329408	2	1
SNP264846	3	1353516	0.272727272727273	-0.0491361036178836	0.546573095135021	G	A
AX-91399004	3	1353534	0.340909090909091	-0.0352002731795713	0.643884322998788	2	1
AX-91553811	3	1353814	0.332644628099174	-0.0461460502899415	0.545228130319176	2	1
AX-91412748	3	1354009	0.332644628099174	-0.0461460502899415	0.545228130319176	2	1
AX-91412749	3	1354054	0.332644628099174	-0.0461460502899415	0.545228130319176	2	1
AX-91412747	3	1354396	0.150826446280992	-0.118703078217856	0.114995115307088	2	1
PZE-103000508	3	1354435	0.146694214876033	-0.0991077677853016	0.188381906513495	G	A
AX-90536801	3	1354435	0.152892561983471	-0.11686957134159	0.121818317531857	2	1
AX-90794073	3	1354575	0.15495867768595	-0.0619250711745724	0.431708770027161	2	1
AX-90794092	3	1354678	0.0743801652892562	-0.0535343285285423	0.484718606017801	2	1
SNP264847	3	1406710	0.15702479338843	-0.141672742361431	0.0597814672885704	G	C
SNP264848	3	1406727	0.103305785123967	-0.11646679725532	0.142201053846002	T	C
AX-91213226	3	1407408	0.417355371900826	0.0902081448723545	0.260980482144698	1	2
AX-90612958	3	1407528	0.390495867768595	0.0851534819597123	0.287268781533966	1	2
AX-90612957	3	1407591	0.400826446280992	-0.00625765457319364	0.934435048734747	2	1
AX-91417178	3	1407595	0.161157024793388	0.0467905589660314	0.539876405806528	2	1
AX-90612955	3	1407685	0.392561983471074	0.0900263626784783	0.254951301022632	1	2
AX-90794109	3	1407921	0.107438016528926	-0.0342289643535761	0.664047216684881	2	1
AX-90638008	3	1409193	0.353305785123967	-0.075334070294011	0.358245795177766	2	1
AX-91385424	3	1409217	0.247933884297521	-0.0530980373639531	0.503963793028202	2	1
AX-91441985	3	1409279	0.237603305785124	-0.165387254335751	0.0346326558801582	2	1
SNP264852	3	1409279	0.18595041322314	-0.187960681292855	0.01603896843985	C	T
AX-90592109	3	1409367	0.237603305785124	-0.165387254335751	0.0346326558801582	2	1
AX-91405620	3	1409502	0.274793388429752	-0.118303047087111	0.131099796657674	2	1
AX-90615340	3	1409718	0.491735537190083	0.134131991252592	0.0883466244449639	1	2
AX-91553833	3	1409725	0.361570247933884	-0.13389030117528	0.0865431567645683	2	1
AX-90794095	3	1409783	0.361570247933884	-0.13389030117528	0.0865431567645683	2	1
AX-91553835	3	1410550	0.40495867768595	0.0706252269672781	0.375080291444495	1	2
AX-90794108	3	1410582	0.369834710743802	0.0722932067230078	0.373545214933571	1	2
SNP264861	3	1462005	0.326446280991736	-0.0178427268128187	0.819670747955946	C	T
SNP264866	3	1462044	0.165289256198347	0.038640213887629	0.620412755755732	G	A
SNP264873	3	1462112	0.475206611570248	0.0355367954853074	0.664258684853923	A	T
SNP264874	3	1462119	0.471074380165289	-0.0372635769578789	0.642054049248253	A	G
SNP264876	3	1462146	0.268595041322314	-0.0574062892967683	0.467715234610572	C	T
SNP264877	3	1462147	0.475206611570248	0.0355367954853074	0.664258684853923	G	A
SNP264879	3	1462162	0.458677685950413	-0.0645848588220135	0.42023117413916	T	C
AX-91553832	3	1462165	0.0991735537190083	-0.0393213648444339	0.624826965928021	2	1
SNP264880	3	1462165	0.0785123966942149	0.031069893502736	0.683160493078789	A	G
SNP264881	3	1464901	0.15702479338843	0.0507306783368048	0.501114740723927	G	C
SNP264882	3	1464938	0.392561983471074	0.0754578015530945	0.33862996245679	C	T
SNP264883	3	1464943	0.15702479338843	0.0507306783368048	0.501114740723927	C	T
SNP264884	3	1465011	0.0537190082644628	0.00382180801019036	0.95929389775266	T	A
SNP264885	3	1465012	0.0537190082644628	0.00382180801019036	0.95929389775266	A	C
SNP264887	3	1465017	0.0537190082644628	0.00382180801019036	0.95929389775266	C	A
SNP264888	3	1465019	0.0537190082644628	0.00382180801019036	0.95929389775266	T	C
SNP264897	3	1465244	0.479338842975207	-0.114674443416396	0.161934871575955	C	T
SNP264901	3	1465443	0.111570247933884	-0.0716546625928047	0.358955841459903	T	G
SNP264903	3	1465537	0.0826446280991736	0.0533126555652208	0.481320115264825	T	C
SNP264904	3	1465546	0.198347107438017	-0.0127322248010086	0.875299297362433	G	A
SNP264910	3	1465617	0.353305785123967	-0.0761953804185356	0.34704031338592	G	A
AX-90794102	3	1465917	0.440082644628099	0.149966778874763	0.0581776983803056	1	2
SNP264913	3	1466158	0.115702479338843	-0.0318894839881555	0.659228207658298	T	C
SNP264915	3	1466161	0.0991735537190083	-0.0701912968805367	0.341589695439536	C	T
SNP264916	3	1466306	0.301652892561983	-0.10630567130032	0.165673840666415	C	A
SNP264923	3	1467073	0.0578512396694215	0.0049294338392188	0.945867704402943	T	A
AX-90794116	3	1467145	0.202479338842975	-0.175327473620824	0.0267259257635806	2	1
SNP264926	3	1467145	0.18595041322314	-0.08640764861353	0.282273011618834	A	C
SNP264927	3	1467154	0.107438016528926	-0.0311303383813549	0.695630784854563	A	C
SNP264928	3	1467156	0.107438016528926	-0.0311303383813549	0.695630784854563	C	G
PZE-103000668	3	1467202	0.0681818181818182	0.017354729236538	0.813276751141384	C	A
AX-90536802	3	1467202	0.239669421487603	-0.205404786645036	0.00788132411414248	2	1
SNP264930	3	1467202	0.0867768595041322	-0.0762458725589637	0.301032064913139	C	A
SNP264931	3	1467218	0.0867768595041322	-0.0644888488210765	0.382398258009875	C	T
SNP264936	3	1467254	0.289256198347107	0.027055547749068	0.715307564823179	G	A
SNP264937	3	1467259	0.34297520661157	0.0433971501310951	0.567730053041731	T	A
SNP264938	3	1467316	0.241735537190083	0.0110737200367809	0.877519259545723	A	G
SNP264939	3	1467324	0.0847107438016529	-0.013902860446936	0.856500132996169	C	T
SNP264941	3	1467362	0.231404958677686	-0.0512195186095807	0.498104658184215	C	G
SNP264942	3	1467363	0.221074380165289	-0.037233101684148	0.623471303130964	A	C
SYN5839	3	1468409	0.427685950413223	-0.0132324414343827	0.871429285002855	A	G
AX-91376689	3	1468409	0.431818181818182	-0.0200913474192133	0.805207066900853	1	2
SNP264948	3	1468691	0.429752066115702	0.00402959926996536	0.958346406588896	G	T
SNP264951	3	1468725	0.361570247933884	-0.0152451736578848	0.845984094425455	C	A
SNP264952	3	1468737	0.413223140495868	-0.0135263611875483	0.862906640058042	T	A
SNP264954	3	1468793	0.239669421487603	-0.030358008465928	0.693110067726853	C	G
SNP264955	3	1468798	0.0743801652892562	-0.0129826512171092	0.866958325247172	T	C
SNP264956	3	1468838	0.338842975206612	-0.00412334922500229	0.956515328671572	T	C
SNP264957	3	1468839	0.0909090909090909	4.40392587749409e-05	0.999528725280078	C	T
SNP264958	3	1468841	0.462809917355372	-0.0239649465400191	0.748566180031268	C	T
SNP264964	3	1469060	0.392561983471074	0.0744724794871918	0.325438305823182	A	C
AX-90794036	3	1469570	0.119834710743802	0.0589139024811106	0.442800736562456	2	1
AX-91553827	3	1469815	0.0764462809917355	0.0314216932393217	0.675968665346896	2	1
AX-91553839	3	1469884	0.15495867768595	-0.0381788673280729	0.625824303710178	2	1
AX-90794120	3	1469916	0.208677685950413	-0.00245015856602079	0.975203596080357	2	1
AX-90794105	3	1470440	0.0867768595041322	-0.0692044736648082	0.360112948141168	2	1
AX-91847034	3	1476419	0.204545454545455	-0.00909008772421316	0.90660598227201	2	1
PZE-103000729	3	1476553	0.202479338842975	-0.0240040839699848	0.757456633195789	A	G
AX-90536804	3	1476553	0.202479338842975	-0.00923802879296242	0.905653536571667	2	1
AX-90794111	3	1476698	0.200413223140496	-0.0499469106027511	0.519390277292573	2	1
SNP264970	3	1476764	0.384297520661157	0.102999941601429	0.160354765979781	T	G
SNP264972	3	1476786	0.497933884297521	-0.0375770333625252	0.618013976304204	T	A
SNP264973	3	1476803	0.0826446280991736	0.0470868931134013	0.517739438218133	T	C
SNP264974	3	1477366	0.299586776859504	0.0387803492571774	0.611233835567864	A	C
SNP264975	3	1477367	0.299586776859504	0.0387803492571774	0.611233835567864	T	A
SNP264976	3	1477391	0.309917355371901	0.0435382681956266	0.570610524554699	C	A
SNP264977	3	1477471	0.0867768595041322	0.0645714702214296	0.39062612151969	G	T
SNP264979	3	1477492	0.0867768595041322	0.0645714702214296	0.39062612151969	A	G
AX-91553822	3	1477886	0.117768595041322	0.106191404315288	0.167227969826464	2	1
AX-91553824	3	1477976	0.107438016528926	0.0580954835018381	0.448164117566818	2	1
AX-90794103	3	1478494	0.0888429752066116	-0.0174833004803476	0.81644819277128	2	1
AX-91405210	3	1478831	0.473140495867769	-0.0427813324603904	0.586869397605406	2	1
AX-91553828	3	1479029	0.0764462809917355	-0.0144099847662839	0.843458444498236	2	1
SNP264980	3	1479225	0.229338842975207	-0.0667273092159641	0.391879304819991	T	G
SNP264981	3	1479236	0.229338842975207	-0.0667273092159641	0.391879304819991	T	C
SNP264983	3	1479251	0.142561983471074	-0.025224640166413	0.740615957312633	T	C
SNP264984	3	1479256	0.347107438016529	-0.00521528098606695	0.949220555172859	A	T
AX-90615524	3	1481437	0.144628099173554	-0.000188083304570517	0.998049719290514	2	1
SNP264986	3	1481595	0.283057851239669	-0.0117245416595205	0.874353147288155	T	G
SNP264989	3	1482036	0.322314049586777	-0.0780703157321819	0.303255251782246	T	G
SNP264990	3	1482075	0.31404958677686	-0.0254085246773117	0.741810808763471	C	G
AX-90615832	3	1482666	0.301652892561983	-0.0995700784809769	0.196042755688504	2	1
AX-90629785	3	1482790	0.268595041322314	-0.0702642445680708	0.363828573286891	2	1
AX-90794117	3	1484437	0.37603305785124	-0.0317710229021724	0.682348554630373	2	1
SNP264993	3	1535631	0.12603305785124	0.0841416912491191	0.243688264035617	C	T
SNP264994	3	1535638	0.12396694214876	0.0947650302396015	0.190329003910008	A	G
SNP264995	3	1535644	0.12396694214876	0.0947650302396015	0.190329003910008	C	T
SNP264996	3	1535676	0.0578512396694215	0.0207542780022411	0.771133558617821	C	G
SNP264997	3	1535682	0.0950413223140496	0.0775214948758984	0.30213514288284	T	C
SNP265000	3	1535719	0.423553719008264	-0.064088214023072	0.385547739866285	G	C
SNP265002	3	1535807	0.440082644628099	-0.0705113871542561	0.338177874670983	G	A
SNP265003	3	1535808	0.0785123966942149	0.0425735895971598	0.569915771190334	A	G
SNP265005	3	1535831	0.264462809917355	-0.0296270053252397	0.699556831249641	A	C
SNP265006	3	1535832	0.264462809917355	-0.0296270053252397	0.699556831249641	T	A
SNP265007	3	1535840	0.268595041322314	-0.00700441201508752	0.927246216397659	A	G
SNP265009	3	1535879	0.411157024793388	-0.0159147311034692	0.826460374729448	A	T
SNP265010	3	1535880	0.409090909090909	-0.00696899379305283	0.923848319872703	C	T
PZE-103000858	3	1535911	0.258264462809917	-0.0389580853904695	0.614787585258339	C	T
AX-90536806	3	1535911	0.260330578512397	-0.0349481903208284	0.650660107566667	2	1
AX-90623792	3	1536818	0.37396694214876	0.0240167261697208	0.743834709862363	2	1
AX-90794128	3	1537922	0.382231404958678	-0.037492938034917	0.626307249380152	1	2
AX-91414372	3	1538338	0.243801652892562	0.0497570918357454	0.509742543126572	2	1
AX-91414371	3	1538520	0.291322314049587	-0.0220662880194018	0.77265852345114	2	1
AX-90576590	3	1539137	0.351239669421488	-0.0235811038556283	0.762491062453775	1	2
AX-90580760	3	1539220	0.130165289256198	0.0560355205198948	0.448027695350228	2	1
SNP265012	3	1539517	0.25	0.0504091179264499	0.507180999796327	A	G
PZE-103000883	3	1539571	0.239669421487603	0.0393523293209091	0.600904983299458	A	G
AX-90536807	3	1539571	0.243801652892562	0.0328919588621218	0.663671971359764	2	1
AX-90638050	3	1539617	0.243801652892562	0.0497570918357454	0.509742543126572	2	1
AX-91442028	3	1539679	0.0867768595041322	-0.0134955460144897	0.862702031965217	2	1
AX-90604523	3	1539849	0.272727272727273	0.0496047892799739	0.512683190613909	2	1
SNP265016	3	1539849	0.264462809917355	0.0786141906315932	0.299363712699343	G	A
SNP265018	3	1540066	0.363636363636364	0.0330066791849795	0.667083227591343	T	C
AX-90794138	3	1540680	0.491735537190083	-0.0130540671100937	0.866329079362471	1	2
AX-90794126	3	1540961	0.491735537190083	-0.0130540671100937	0.866329079362471	1	2
AX-90794122	3	1541001	0.378099173553719	-0.0377975474526347	0.623217660071197	1	2
AX-90626553	3	1541250	0.0764462809917355	0.0890134310301422	0.216385202759889	2	1
AX-90626554	3	1541566	0.0847107438016529	0.0853219783778593	0.236511808837721	2	1
AX-91410598	3	1541605	0.454545454545455	0.0349188488955337	0.646213926309409	2	1
AX-91443562	3	1541665	0.390495867768595	-0.070125979343241	0.356432397380835	1	2
AX-91407900	3	1541716	0.454545454545455	0.0349188488955337	0.646213926309409	2	1
AX-91383829	3	1541750	0.349173553719008	-0.0191973503785164	0.805697315490711	1	2
AX-90578965	3	1541791	0.491735537190083	-0.0139860649166804	0.855930444742891	2	1
AX-90603651	3	1541864	0.0847107438016529	0.0853219783778593	0.236511808837721	2	1
AX-91383825	3	1541938	0.134297520661157	0.0759414028635801	0.308803249890338	2	1
AX-91553849	3	1542649	0.0867768595041322	0.0867309821112659	0.232974453994467	2	1
AX-90794136	3	1542790	0.0847107438016529	0.0853219783778593	0.236511808837721	2	1
AX-90584499	3	1542951	0.121900826446281	0.00517240755171984	0.944082024199473	2	1
AX-91389169	3	1542995	0.15702479338843	-0.0169185775759841	0.818964537240599	2	1
AX-90598484	3	1543065	0.0867768595041322	0.0867309821112659	0.232974453994467	2	1
AX-90645369	3	1543222	0.0867768595041322	0.0867309821112659	0.232974453994467	2	1
AX-91402887	3	1543236	0.37396694214876	-0.0108629003668137	0.888112037166744	1	2
AX-90598490	3	1543267	0.0867768595041322	0.0867309821112659	0.232974453994467	2	1
SYN5834	3	1544269	0.287190082644628	-0.0208464245816192	0.785053773099451	T	C
AX-91376688	3	1544269	0.291322314049587	-0.0220662880194018	0.77265852345114	2	1
SYN5844	3	1544569	0.353305785123967	-0.0119642098892821	0.877625905044894	A	C
AX-90571756	3	1544569	0.347107438016529	-0.0231422288812364	0.766741103811933	1	2
AX-91405197	3	1544698	0.0743801652892562	-0.0418433509294541	0.592816485625618	2	1
SYN5840	3	1544933	0.369834710743802	-0.01764436082758	0.819648726232337	A	G
SNP265024	3	1545058	0.247933884297521	-0.0903872135051846	0.224465177092434	A	G
SNP265025	3	1545074	0.109504132231405	0.0951579156650692	0.199300642425041	T	C
SNP265026	3	1545104	0.330578512396694	-0.0200574625377592	0.798686832437814	T	G
SNP265027	3	1545110	0.231404958677686	0.0216586319026391	0.760979904552544	A	G
PZE-103000909	3	1545365	0.363636363636364	0.0358501520930357	0.64205888006977	C	T
AX-90536808	3	1545365	0.363636363636364	0.0201812178202862	0.793913281099935	2	1
SNP265033	3	1545450	0.326446280991736	0.0088891255404537	0.907841991724603	A	C
SNP265034	3	1545880	0.0619834710743802	0.0247912819148591	0.72930943174622	A	G
AX-91396960	3	1545946	0.318181818181818	-0.0282861814541121	0.715618426794567	1	2
AX-91396959	3	1546025	0.433884297520661	-0.0229822081256595	0.752074212628708	1	2
AX-91413162	3	1546165	0.0640495867768595	0.0272463029572592	0.70828696557342	1	2
PZE-103000924	3	1546384	0.357438016528926	0.0161847816964941	0.833201037513439	C	A
AX-91341692	3	1546384	0.357438016528926	0.0161847816964942	0.833201037513438	1	2
SNP265037	3	1546384	0.347107438016529	0.0356828745545062	0.642189277479719	C	A
PZE-103000926	3	1546526	0.0578512396694215	-0.00860024690459903	0.906505137306593	A	G
AX-90536810	3	1546526	0.0578512396694215	-0.00860024690459903	0.906505137306592	2	1
AX-90794145	3	1546596	0.243801652892562	-0.0999172294676016	0.188093277883817	2	1
AX-90637302	3	1546775	0.266528925619835	-0.0225660622246247	0.762661425948934	2	1
AX-90794154	3	1546829	0.227272727272727	0.127762039604455	0.104037963425673	2	1
AX-91434589	3	1547048	0.18595041322314	0.149503678637223	0.0611817351108931	2	1
AX-90794134	3	1547143	0.254132231404959	-0.0362497164616178	0.630831718659108	2	1
AX-91407508	3	1547228	0.479338842975207	-0.115229755120943	0.142122494046442	2	1
AX-90794155	3	1547399	0.163223140495868	0.129634037154825	0.106573139021174	2	1
AX-90794156	3	1547508	0.247933884297521	0.0855407183398829	0.280251900829975	2	1
SNP265038	3	1547508	0.357438016528926	0.0852187991973361	0.247667361254761	T	C
AX-90794157	3	1547972	0.483471074380165	0.07395035398868	0.348646023866153	1	2
AX-90583659	3	1548371	0.225206611570248	0.0858350973809059	0.260836626963843	2	1
AX-91553846	3	1548809	0.336776859504132	-0.0183939911657235	0.814664097216974	1	2
AX-90794127	3	1552313	0.305785123966942	-0.0295118059016927	0.706716117652889	1	2
SYN6358	3	1552936	0.495867768595041	0.00492825288516359	0.951198091332042	G	A
AX-90571946	3	1552936	0.489669421487603	-0.0169947561797199	0.831455906657245	2	1
AX-91404215	3	1553046	0.103305785123967	-0.165125285140592	0.0276447053770297	2	1
AX-90794143	3	1553091	0.293388429752066	0.137070003928946	0.0836541046822983	2	1
AX-90613919	3	1553181	0.487603305785124	-0.0348969120183999	0.655759269884742	1	2
SNP265044	3	1553288	0.0909090909090909	0.00136827930421515	0.98569651965807	C	T
SNP265045	3	1553309	0.0909090909090909	0.00136827930421515	0.98569651965807	C	T
AX-91451342	3	1553319	0.347107438016529	-0.079207897387512	0.295179541807291	2	1
SNP265046	3	1553319	0.34297520661157	-0.00612324920724488	0.934775270751058	T	G
SNP265047	3	1553403	0.12396694214876	0.014760082619792	0.845782476671124	G	A
AX-91451343	3	1553580	0.307851239669421	0.0765637601268385	0.303929729048775	2	1
AX-91423644	3	1554092	0.380165289256198	-0.105824167439255	0.141585411427313	1	2
AX-90571944	3	1554135	0.382231404958678	-0.11375126460642	0.114356339486977	1	2
AX-91437401	3	1554178	0.144628099173554	0.0424390165010465	0.576532627858303	2	1
AX-91409674	3	1554902	0.394628099173554	-0.126439629368738	0.0808639734342099	1	2
SYN6355	3	1554959	0.384297520661157	-0.117473944179069	0.102646682639873	A	G
AX-90571945	3	1554959	0.388429752066116	-0.129006540890994	0.073479552192467	1	2
AX-91429530	3	1555093	0.115702479338843	-0.0457233951690091	0.556482655737105	2	1
AX-91429528	3	1555139	0.175619834710744	0.131556701447398	0.0781430527343196	2	1
AX-90611575	3	1555289	0.464876033057851	0.11954131441911	0.110214544896233	2	1
SNP265052	3	1555815	0.28099173553719	-0.0197170192752113	0.79109358881447	G	T
SNP265053	3	1555816	0.28099173553719	-0.0197170192752113	0.79109358881447	T	G
SNP265058	3	1559941	0.297520661157025	0.042564965160368	0.570339223757681	T	C
AX-90794133	3	1560323	0.305785123966942	-0.0459961430726872	0.546158758651502	1	2
SNP265065	3	1563355	0.12396694214876	-0.015253800090765	0.845804632076528	A	G
AX-90794140	3	1564931	0.489669421487603	-0.023880057592279	0.758759776943087	2	1
AX-91213231	3	1566896	0.192148760330579	-0.0665199463020325	0.386251375140666	1	2
SNP265066	3	1567137	0.31198347107438	-0.0126433288368459	0.866680359381701	A	G
SNP265067	3	1567139	0.264462809917355	-0.0538946906632405	0.488330450501806	T	A
SNP265068	3	1567156	0.31404958677686	-0.0219393388945782	0.771729489112484	C	T
SNP265069	3	1567158	0.415289256198347	0.0780736981239856	0.324693592767725	A	G
SNP265070	3	1567165	0.31404958677686	-0.0219393388945782	0.771729489112484	C	T
SNP265071	3	1567167	0.31404958677686	-0.0219393388945782	0.771729489112484	G	A
AX-91553854	3	1567181	0.216942148760331	0.00909574647940535	0.904512200646064	2	1
AX-91213229	3	1568106	0.216942148760331	0.00909574647940535	0.904512200646064	2	1
SNP265078	3	1568429	0.148760330578512	0.0260760000811	0.730017199027571	C	T
SNP265079	3	1568467	0.21900826446281	0.0240742680470678	0.74685675140802	G	A
SNP265082	3	1568513	0.347107438016529	-0.0114128543993759	0.885162276092071	T	C
SNP265085	3	1568536	0.171487603305785	-0.0154280784194387	0.836280283586342	G	T
SNP265086	3	1568546	0.421487603305785	-0.0442249405107229	0.551848080153501	A	T
SNP265087	3	1568572	0.493801652892562	-0.0701203945262851	0.350471192372804	C	T
SNP265088	3	1568581	0.202479338842975	-0.0045534429998265	0.951581869292887	A	G
SNP265095	3	1571464	0.464876033057851	-0.0325011417221836	0.66725892176385	T	G
SNP265096	3	1571470	0.477272727272727	-0.00441604406511928	0.953479083426546	T	C
SNP265099	3	1571594	0.165289256198347	0.0589865918136465	0.444309528050707	T	C
SNP265111	3	1571703	0.431818181818182	-0.076002728004487	0.339247146342899	G	A
SNP265113	3	1571835	0.0867768595041322	0.00951679298029539	0.902076895809074	C	G
SNP265114	3	1571842	0.128099173553719	-0.0499533039109305	0.52111574524875	A	G
AX-91553852	3	1572661	0.435950413223141	0.0283974677127671	0.699625942245547	2	1
AX-90794121	3	1572889	0.435950413223141	0.0283974677127671	0.699625942245547	2	1
AX-90794141	3	1573189	0.324380165289256	0.0179259735815342	0.816523872628499	2	1
AX-90794153	3	1573301	0.318181818181818	-0.0082848058993958	0.914395080368598	2	1
AX-91553845	3	1573383	0.435950413223141	0.0283974677127671	0.699625942245547	2	1
AX-91553842	3	1573798	0.431818181818182	0.0300054395378094	0.683537406219859	2	1
AX-90794147	3	1574231	0.115702479338843	-0.0894222804675763	0.241879783528271	2	1
AX-90794131	3	1574625	0.115702479338843	0.0251419894357631	0.73383324544727	2	1
AX-90794151	3	1576666	0.427685950413223	0.014558587729028	0.842450587612657	2	1
AX-90794129	3	1577320	0.111570247933884	0.0207917984308195	0.778246374955179	2	1
SNP265122	3	1591296	0.268595041322314	0.0467405038693016	0.545859667513343	T	G
SNP265123	3	1591299	0.324380165289256	-0.110226953655946	0.152043573151294	C	A
SNP265125	3	1591322	0.181818181818182	0.00888283527139197	0.90418142845283	C	T
SNP265126	3	1591330	0.268595041322314	0.0467405038693016	0.545859667513343	T	G
SNP265127	3	1591347	0.256198347107438	-0.00794506542467532	0.918372879161177	C	G
SNP265128	3	1591349	0.256198347107438	-0.00794506542467532	0.918372879161177	G	A
SNP265129	3	1591350	0.256198347107438	-0.00794506542467532	0.918372879161177	G	T
SNP265130	3	1591351	0.256198347107438	-0.00794506542467532	0.918372879161177	C	T
SNP265131	3	1591353	0.256198347107438	-0.00794506542467532	0.918372879161177	A	C
SNP265132	3	1591354	0.256198347107438	-0.00794506542467532	0.918372879161177	T	A
SNP265133	3	1591388	0.256198347107438	-0.00794506542467532	0.918372879161177	A	G
SNP265134	3	1591396	0.152892561983471	-0.0849150391986673	0.282968314061958	C	G
AX-90794130	3	1591448	0.413223140495868	0.00571723234587179	0.937729371928921	2	1
AX-90794150	3	1591797	0.347107438016529	0.0825178166807019	0.269838001589913	1	2
AX-90794132	3	1591964	0.264462809917355	-0.0413796718208283	0.59990731888446	2	1
AX-91553844	3	1591989	0.462809917355372	0.0412017935545921	0.578603675510367	1	2
AX-90794142	3	1592507	0.109504132231405	-0.0168455997065657	0.838157041056339	2	1
AX-91553851	3	1592703	0.268595041322314	0.0197334528749413	0.799993584296621	2	1
SNP265136	3	1596922	0.442148760330579	-0.0277548547172015	0.704982883817803	C	G
SNP265137	3	1596928	0.198347107438017	0.0471233492719713	0.533860999328255	C	G
SNP265139	3	1597208	0.0661157024793388	-0.117963077883708	0.116277456342165	T	C
SNP265140	3	1597210	0.0805785123966942	-0.111087944750466	0.131791150401814	A	G
SNP265141	3	1597211	0.0785123966942149	-0.0960610914266726	0.191028490354459	C	T
SNP265142	3	1597214	0.380165289256198	-0.0616177877547687	0.450207875337241	G	C
SNP265145	3	1597267	0.231404958677686	-0.0570365336225505	0.454928710495763	G	C
SNP265152	3	1597356	0.0537190082644628	-0.0180708774093708	0.808012469556589	T	C
AX-90794139	3	1598639	0.0557851239669422	-0.112636182631016	0.126180572919365	2	1
SNP265165	3	1598962	0.491735537190083	0.0346852879644232	0.652743001982501	C	G
SNP265167	3	1599018	0.491735537190083	0.0346852879644232	0.652743001982501	A	C
SNP265183	3	1601303	0.0619834710743802	0.0410750614839099	0.58182397884139	C	T
AX-90794173	3	1601384	0.198347107438017	-0.111705965808521	0.144993951135627	2	1
AX-90794186	3	1601691	0.276859504132231	-0.0384897819822613	0.62439183277297	2	1
AX-90794170	3	1601812	0.278925619834711	-0.037285706447196	0.635104135865845	2	1
AX-90794169	3	1601857	0.297520661157025	-0.0210737932338627	0.78648819590141	2	1
AX-91389098	3	1602110	0.353305785123967	-0.0533125553718329	0.481086164362154	2	1
AX-90584414	3	1602164	0.425619834710744	-0.0989110387866876	0.194605436216685	2	1
SNP265187	3	1602274	0.260330578512397	-0.0263359349726063	0.738179656330615	T	G
AX-90636347	3	1602785	0.400826446280992	-0.0521529577932678	0.477937043195717	2	1
PZE-103001177	3	1602872	0.0991735537190083	-0.0453901506264031	0.557871873681778	T	C
AX-90536811	3	1602872	0.111570247933884	-0.0403064457807218	0.602636283939347	2	1
SNP265192	3	1602872	0.0950413223140496	-0.0523579500245244	0.499714637223749	T	C
AX-90584416	3	1602965	0.111570247933884	-0.0403064457807218	0.602636283939347	2	1
AX-91389099	3	1602986	0.0826446280991736	-0.080358090893727	0.328671972539409	2	1
AX-91389094	3	1603020	0.111570247933884	-0.0403064457807218	0.602636283939347	2	1
AX-90636326	3	1603051	0.227272727272727	-0.0974031601226974	0.197727296348344	2	1
AX-91449829	3	1603073	0.227272727272727	-0.0974031601226974	0.197727296348344	2	1
SNP265195	3	1603166	0.260330578512397	-0.0880832026931272	0.240882123509587	C	T
AX-91449831	3	1603262	0.181818181818182	-0.046538355408974	0.55556251715788	2	1
AX-90646006	3	1603546	0.0785123966942149	-0.0895908083786483	0.262206853773886	2	1
AX-90794184	3	1603830	0.140495867768595	-0.0523745372389062	0.503483662746616	2	1
SNP265196	3	1603830	0.140495867768595	-0.0523745468546251	0.503483607419684	G	T
AX-90794172	3	1603872	0.140495867768595	-0.0523745372389062	0.503483662746616	2	1
SNP265197	3	1603872	0.140495867768595	-0.0523745468546251	0.503483607419684	A	G
SNP265198	3	1604015	0.0785123966942149	0.0148756145972657	0.845234014879486	G	T
AX-91553865	3	1606119	0.0826446280991736	-0.0337166514219918	0.656711928817975	2	1
AX-90794159	3	1610424	0.283057851239669	0.0849117813470106	0.284472930841338	2	1
AX-90794175	3	1610529	0.190082644628099	0.0205625888260532	0.789070164019146	1	2
AX-91213233	3	1610614	0.316115702479339	-0.05488066800096	0.482464459153914	2	1
SNP265199	3	1610877	0.0929752066115702	-0.0177319466512852	0.820236360545376	A	G
SNP265200	3	1610903	0.0950413223140496	-0.0278714500660074	0.722655618204828	T	C
AX-91432739	3	1611006	0.394628099173554	-0.0472626675659798	0.548888832995187	2	1
SNP265207	3	1611104	0.103305785123967	-0.0215965340615416	0.784535361386012	A	C
AX-90642779	3	1611156	0.264462809917355	0.105214159810891	0.18708360805412	2	1
SNP265208	3	1611156	0.18595041322314	0.0560344779462893	0.480312028093455	A	C
AX-90637139	3	1611514	0.212809917355372	0.0138746689411768	0.85477514266461	1	2
AX-90637138	3	1611626	0.359504132231405	-0.0653408306194322	0.388766040880572	1	2
AX-91441085	3	1611628	0.359504132231405	-0.0653408306194322	0.388766040880572	1	2
AX-91391951	3	1611876	0.460743801652893	-0.109259091744342	0.17165727269383	1	2
AX-91380556	3	1612018	0.270661157024793	-0.0206144107099395	0.787748697615093	1	2
AX-91413417	3	1612121	0.396694214876033	-0.0819971864392305	0.27958565164997	2	1
AX-91413415	3	1612289	0.411157024793388	-0.0531313774690196	0.488915046236076	2	1
AX-91413416	3	1612402	0.144628099173554	-0.085126911178872	0.282278844744487	2	1
AX-90794176	3	1612547	0.132231404958678	0.0468365119767678	0.538119875006198	2	1
SNP265210	3	1613031	0.0743801652892562	0.0724098952843676	0.337675242753088	G	C
SNP265219	3	1613076	0.0909090909090909	0.0965320978851927	0.187400068480538	C	T
AX-90794165	3	1613148	0.444214876033058	0.000543825899106603	0.994304959967061	2	1
SNP265220	3	1613148	0.386363636363636	0.0409797851711312	0.596093248087982	G	C
AX-91448999	3	1613362	0.0888429752066116	-0.100200275464797	0.189382100244679	2	1
SNP265224	3	1613362	0.0619834710743802	-0.0739972676769705	0.304826034882325	A	G
SNP265225	3	1613904	0.0723140495867769	-0.0423996316198603	0.609571281081876	T	C
SNP265228	3	1613920	0.152892561983471	-0.121311742527871	0.0944471517689902	C	G
SNP265229	3	1615510	0.34297520661157	0.0746677428297942	0.325873530269897	A	G
SNP265230	3	1615513	0.144628099173554	0.0240595882872616	0.759483224329003	A	G
SNP265232	3	1615534	0.268595041322314	0.0958594041102568	0.192762867698986	G	A
AX-90794183	3	1616301	0.464876033057851	0.0203693079050531	0.800240840310892	1	2
SNP265237	3	1616301	0.495867768595041	0.00259972500601311	0.974267684570748	C	T
AX-90585398	3	1616500	0.132231404958678	-0.14195181881901	0.0883905099964475	2	1
SNP265238	3	1628679	0.109504132231405	-0.0321212619298668	0.672235446729216	A	G
SNP265239	3	1628692	0.338842975206612	0.130888162906923	0.112809628873173	G	C
SNP265240	3	1628695	0.109504132231405	-0.0321212619298668	0.672235446729216	C	T
SNP265241	3	1628709	0.237603305785124	-0.0303448511582096	0.710380267445901	A	T
SNP265242	3	1628722	0.140495867768595	0.018607619865412	0.81496640311872	T	C
AX-91553856	3	1628724	0.322314049586777	0.15416779411062	0.0672529746455445	1	2
SNP265243	3	1628724	0.338842975206612	0.130888162906923	0.112809628873173	A	T
AX-90794160	3	1628757	0.318181818181818	0.157832407657439	0.0610368614034258	1	2
AX-90794162	3	1629024	0.322314049586777	0.15416779411062	0.0672529746455445	1	2
AX-91553858	3	1629125	0.322314049586777	0.168905278613809	0.0464014975085996	1	2
SNP265249	3	1629597	0.159090909090909	0.0077424348213198	0.918328981237193	C	G
SNP265250	3	1629603	0.159090909090909	0.0077424348213198	0.918328981237193	A	C
SNP265252	3	1629978	0.0826446280991736	0.0242226282118738	0.731252833706489	T	G
SNP265263	3	1630509	0.285123966942149	0.0398750029748318	0.622799195643795	C	G
SNP265268	3	1630891	0.18801652892562	-0.0603505321246966	0.40596106232873	G	C
SNP265269	3	1630896	0.495867768595041	-0.0527335462637557	0.473626212031214	C	T
PZA00134.12	3	1631019	0.105371900826446	0.0359531390870936	0.629983115920832	A	G
AX-90527344	3	1631019	0.105371900826446	0.00198334848260499	0.978741253305343	2	1
SNP265276	3	1631019	0.0929752066115702	0.0278543011169739	0.706164638291804	A	G
SNP265280	3	1631077	0.0826446280991736	-0.0443052056550219	0.555380842413778	T	G
AX-90794167	3	1631866	0.134297520661157	-0.0294149476183023	0.698847293417832	2	1
SNP265285	3	1633236	0.297520661157025	-0.026029282900597	0.727070904497492	C	G
SNP265286	3	1633239	0.297520661157025	-0.026029282900597	0.727070904497492	C	G
SNP265287	3	1633277	0.322314049586777	-0.0461785943042544	0.542219967282823	G	C
SNP265289	3	1633316	0.433884297520661	0.0620310041781532	0.415245132009163	C	G
SNP265290	3	1633331	0.0950413223140496	0.0362856610044754	0.641342658310304	G	C
SNP265291	3	1633355	0.334710743801653	-0.0497574497643996	0.515662278282422	C	G
SNP265292	3	1633512	0.0909090909090909	0.1245698764381	0.087037889902367	T	G
AX-90794181	3	1673431	0.0991735537190083	-0.145811304308686	0.0566270238268201	2	1
AX-90627329	3	1673604	0.266528925619835	-0.0598023279696971	0.436432714863731	2	1
PZE-103001291	3	1673703	0.212809917355372	0.0715458084208118	0.364655571712593	T	C
AX-90536813	3	1673703	0.216942148760331	0.0874370509423406	0.264375989718132	2	1
SNP265307	3	1673703	0.169421487603306	0.118578484867061	0.115740151783397	A	G
AX-90604676	3	1674412	0.270661157024793	-0.00732495880537734	0.92792885804946	2	1
AX-91553870	3	1675547	0.336776859504132	-0.0347837378701763	0.658896365544388	2	1
AX-90794180	3	1675740	0.309917355371901	-0.025390283164985	0.744561489040968	2	1
AX-91213234	3	1675973	0.338842975206612	0.0482858953218004	0.533127871775555	2	1
AX-90645997	3	1676167	0.183884297520661	-0.00487080822927628	0.950065605533065	2	1
AX-91553860	3	1676232	0.0723140495867769	-0.0595749978418626	0.41997407652886	2	1
AX-90794178	3	1676404	0.167355371900826	-0.00935788455325911	0.902438465731644	2	1
AX-91553863	3	1676698	0.115702479338843	-0.0249991340516007	0.73775146337463	2	1
AX-91213236	3	1677361	0.243801652892562	-0.0173233398664467	0.828083360535307	2	1
SNP265313	3	1678064	0.0867768595041322	-0.115535935691019	0.147203141328694	T	G
SNP265323	3	1683199	0.15702479338843	-0.0673955718143014	0.387836198471254	A	G
SNP265325	3	1683242	0.239669421487603	-0.0628947915347958	0.413008158203609	G	A
SNP265326	3	1683243	0.239669421487603	-0.0628947915347958	0.413008158203609	A	T
SNP265327	3	1683245	0.235537190082645	-0.0740034495294586	0.33495491778766	A	T
SNP265328	3	1683246	0.252066115702479	-0.0613995786638741	0.425008061933501	C	T
SNP265332	3	1683266	0.0743801652892562	0.0538211217955748	0.473223683646039	G	C
SNP265334	3	1683291	0.0743801652892562	0.0538211217955748	0.473223683646039	C	T
SNP265335	3	1683293	0.0743801652892562	0.0538211217955748	0.473223683646039	A	C
AX-91553872	3	1683673	0.5	0.138445846467684	0.0867027392558211	1	2
AX-91553862	3	1684308	0.239669421487603	-0.0569921125131472	0.481146111453954	2	1
AX-90595184	3	1684736	0.247933884297521	0.071699852791534	0.357282396274218	1	2
AX-91432764	3	1684877	0.239669421487603	0.0708993378224413	0.368863224377956	1	2
AX-90628840	3	1684962	0.429752066115702	-0.00156531663581132	0.983363671736367	2	1
AX-90642807	3	1685030	0.231404958677686	0.0882176274043236	0.262312674773774	1	2
AX-91553869	3	1686051	0.0991735537190083	0.0117311629601032	0.878243424361554	2	1
AX-90794185	3	1686165	0.31198347107438	-0.0335477086986199	0.672774163907204	2	1
AX-91416629	3	1686709	0.287190082644628	-0.0422855822977196	0.591752683298786	2	1
PUT-163a-71320057-3160	3	1686795	0.458677685950413	0.0641366289365297	0.407236814340085	G	A
AX-91331561	3	1686795	0.464876033057851	0.0573005830841313	0.460479912600966	1	2
SNP265340	3	1687981	0.0578512396694215	-0.0258289859240597	0.721974760590521	A	G
SNP265341	3	1687988	0.0578512396694215	-0.0258289859240597	0.721974760590521	T	C
SNP265342	3	1687989	0.0578512396694215	-0.0258289859240597	0.721974760590521	T	C
SNP265343	3	1687990	0.0578512396694215	-0.0258289859240597	0.721974760590521	G	T
SNP265344	3	1687997	0.0578512396694215	-0.0258289859240597	0.721974760590521	A	G
AX-91553859	3	1688208	0.107438016528926	-0.0929826218369449	0.231529984640787	2	1
SNP265345	3	1690494	0.247933884297521	0.0425747132103446	0.5763044347994	G	A
SNP265348	3	1690531	0.247933884297521	0.0425747132103446	0.5763044347994	C	G
SNP265350	3	1690669	0.0619834710743802	0.0526952487874509	0.439274410252335	G	A
AX-91847038	3	1690673	0.111570247933884	0.00299566657338526	0.968091670239023	2	1
SNP265351	3	1690673	0.0702479338842975	0.047257799619162	0.494080423154434	G	A
SNP265354	3	1690739	0.0661157024793388	0.00143015540689022	0.983469403412406	C	A
AX-90612019	3	1690781	0.0847107438016529	0.0298676289727374	0.669602149195643	2	1
SNP265355	3	1690805	0.369834710743802	-0.0422904228037843	0.586185400466768	T	A
SNP265359	3	1690944	0.475206611570248	0.0361880642436733	0.636041386046744	G	C
SNP265360	3	1690966	0.247933884297521	-0.0321227856964976	0.670792394475237	T	C
SNP265361	3	1691408	0.103305785123967	-0.117948400371108	0.12322998348789	G	A
AX-90583415	3	1691443	0.21900826446281	-0.047892720888982	0.527699088196791	2	1
SNP265362	3	1691443	0.235537190082645	-0.0434560532519884	0.561841820937809	G	T
AX-91388172	3	1691507	0.272727272727273	-0.0580205974561998	0.437379805725721	2	1
SNP265367	3	1691708	0.301652892561983	-0.0756772669282024	0.311247642905047	C	A
AX-91383285	3	1691741	0.0909090909090909	-0.0542133083863256	0.482631503856066	2	1
SNP265369	3	1691847	0.34297520661157	-0.0268129168754849	0.721038469541156	T	C
SNP265370	3	1691855	0.0909090909090909	-0.0850086265151986	0.276508367043484	T	C
SNP265372	3	1692122	0.109504132231405	-0.0404841165848171	0.579654262017981	C	A
PZE-103001192	3	1692738	0.351239669421488	0.0591890485897965	0.431802239494649	T	C
AX-90536812	3	1692738	0.351239669421488	0.0591890485897964	0.431802239494645	1	2
AX-91213235	3	1694135	0.15702479338843	-0.125064388429512	0.105389403843576	2	1
AX-91213238	3	1709622	0.12396694214876	-0.113208943407303	0.140374970049448	2	1
SNP265375	3	1709682	0.107438016528926	-0.0127182391975022	0.874875001643136	A	C
SNP265376	3	1709685	0.0537190082644628	-0.00512690203255135	0.945178374665395	G	A
SNP265377	3	1709695	0.0537190082644628	-0.00512690203255135	0.945178374665395	G	C
SNP265378	3	1709701	0.107438016528926	-0.0127182391975022	0.874875001643136	A	C
SNP265379	3	1709702	0.107438016528926	-0.0127182391975022	0.874875001643136	A	T
SNP265380	3	1709704	0.107438016528926	-0.0127182391975022	0.874875001643136	A	T
SNP265381	3	1709705	0.107438016528926	-0.0127182391975022	0.874875001643136	A	C
SNP265382	3	1709706	0.107438016528926	-0.0127182391975022	0.874875001643136	A	C
SNP265383	3	1709708	0.107438016528926	-0.0127182391975022	0.874875001643136	A	G
SNP265384	3	1709709	0.107438016528926	-0.0127182391975022	0.874875001643136	T	G
AX-90794202	3	1710009	0.148760330578512	-0.00327744721778592	0.966530388053454	2	1
AX-91213240	3	1711009	0.152892561983471	-0.038604009973373	0.599069213047925	2	1
AX-90794204	3	1711419	0.256198347107438	0.023677927738988	0.755731540986175	1	2
AX-90794205	3	1711729	0.214876033057851	0.0320051137705562	0.681299357640361	1	2
SNP265388	3	1711729	0.206611570247934	0.0525296339467601	0.498768349776385	G	C
SNP265392	3	1711747	0.34504132231405	0.060933822567782	0.431409586590654	T	G
SNP265401	3	1711769	0.34504132231405	0.060933822567782	0.431409586590654	G	C
SNP265406	3	1711822	0.0764462809917355	0.0438737940919506	0.56027272418833	G	T
SNP265407	3	1711851	0.452479338842975	-0.038722250205918	0.619182513698782	C	A
SNP265408	3	1711852	0.442148760330579	-0.0241642395910786	0.757959630676972	A	C
SNP265409	3	1711857	0.40702479338843	-0.0625704902199	0.428841916994266	A	G
SNP265411	3	1711868	0.475206611570248	-0.0203492642913377	0.793415343803171	G	C
SNP265413	3	1711898	0.115702479338843	-0.0126104939254516	0.868455767048799	G	C
SNP265417	3	1712242	0.0743801652892562	0.0776878506325049	0.297987401846599	A	T
SNP265418	3	1712247	0.0743801652892562	0.0776878506325049	0.297987401846599	A	C
SNP265429	3	1712270	0.318181818181818	0.0038288613722734	0.960476580213476	C	G
AX-90794190	3	1712963	0.159090909090909	0.0282645062068383	0.722107902189559	2	1
SNP265431	3	1713644	0.0785123966942149	-0.0458251059839108	0.563589391436716	A	C
SYNGENTA16192	3	1713720	0.229338842975207	-0.0488370088043317	0.545966809130045	T	C
SNP265432	3	1713763	0.235537190082645	0.0593531542387972	0.435375377196406	C	T
SNP265434	3	1713785	0.390495867768595	0.0498375517770878	0.506457695721972	T	G
AX-91553878	3	1714650	0.40702479338843	-0.0760722236377826	0.350813889428156	2	1
PZE-103001531	3	1715669	0.274793388429752	-0.0400930887365375	0.610627948647849	A	G
AX-91553876	3	1717213	0.0661157024793388	-0.0473385481196467	0.552683228299859	2	1
AX-90794197	3	1718172	0.396694214876033	-0.00333369506295374	0.962578849815048	2	1
AX-90794195	3	1718654	0.28099173553719	-0.00862442921940417	0.912906497455539	2	1
AX-91553886	3	1718681	0.107438016528926	-0.0520760345292703	0.506276651052046	2	1
SNP265439	3	1721348	0.0557851239669422	-0.0368274879506475	0.63044052828582	T	A
SNP265442	3	1721374	0.369834710743802	-0.076087128148227	0.313405498018045	C	T
SNP265444	3	1721393	0.390495867768595	0.00152079555267568	0.982759120982278	T	G
SNP265445	3	1721394	0.293388429752066	0.00941520695509641	0.904627042364197	A	G
SNP265450	3	1721618	0.0619834710743802	-0.051549266725862	0.479993145390719	G	A
SNP265452	3	1721621	0.229338842975207	0.0407733277611025	0.587005260079714	A	C
SNP265454	3	1721803	0.0537190082644628	-0.0374932848620798	0.61592230154941	T	C
SNP265455	3	1721814	0.0537190082644628	-0.0374932848620798	0.61592230154941	T	C
SNP265457	3	1721823	0.231404958677686	0.0334870874706185	0.659002727580864	A	G
AX-90794210	3	1722063	0.171487603305785	-0.0224845414732303	0.772950400464807	2	1
AX-90794192	3	1722517	0.485537190082645	0.0695157119057033	0.347502303193594	2	1
SNP265461	3	1722714	0.0702479338842975	-0.0764296447937272	0.335030935065426	G	A
SNP265463	3	1722828	0.0743801652892562	-0.0803599990848675	0.306926213966038	A	T
AX-90794216	3	1723155	0.0661157024793388	-0.0473385481196467	0.552683228299859	2	1
AX-91400469	3	1724181	0.502066115702479	-0.0784920247513527	0.285652540729954	1	2
AX-90794194	3	1724214	0.177685950413223	-0.0648572889026582	0.411222786113995	2	1
SNP265470	3	1724748	0.202479338842975	0.0210498700663009	0.792209521349582	T	C
SNP265471	3	1724790	0.413223140495868	-0.0468481869525192	0.530148465581183	A	G
AX-90577076	3	1725644	0.194214876033058	-0.0355022052340647	0.658590752533811	2	1
SNP265473	3	1725853	0.460743801652893	0.102656736286093	0.174879091347139	G	T
AX-91396602	3	1725856	0.466942148760331	0.0770895759600974	0.312706035283576	1	2
SNP265474	3	1725856	0.460743801652893	0.102656736286093	0.174879091347139	T	C
AX-90621682	3	1726738	0.214876033057851	-0.188520675610107	0.0170655001407047	2	1
SNP265480	3	1726738	0.21900826446281	-0.176206094786357	0.0262496016064605	C	T
AX-90794209	3	1731181	0.355371900826446	-0.0196301242980408	0.796808945954714	2	1
SNP265502	3	1732088	0.190082644628099	-0.146479322359556	0.0594554404695239	C	G
SNP265503	3	1732089	0.190082644628099	-0.146479322359556	0.0594554404695239	A	C
AX-91411674	3	1732135	0.183884297520661	-0.152287534466395	0.0503248879017537	2	1
SNP265504	3	1732173	0.0785123966942149	-0.0975021796685016	0.220642174431706	T	C
SNP265505	3	1732176	0.0785123966942149	-0.0975021796685016	0.220642174431706	T	C
SNP265506	3	1732191	0.0495867768595041	0.0211566237301021	0.778420772012546	T	A
SNP265507	3	1732194	0.0495867768595041	0.0211566237301021	0.778420772012546	G	T
SNP265508	3	1732198	0.0495867768595041	0.0211566237301021	0.778420772012546	G	A
SNP265509	3	1732199	0.0495867768595041	0.0211566237301021	0.778420772012546	T	C
SNP265510	3	1732212	0.0495867768595041	0.0211566237301021	0.778420772012546	C	T
AX-90581333	3	1732228	0.18801652892562	-0.171324914422293	0.0270761902489458	2	1
AX-90794220	3	1732748	0.0723140495867769	-0.0627203973413057	0.42598612982108	2	1
AX-90794218	3	1766990	0.0743801652892562	-0.105139715419277	0.185514046739712	2	1
SNP265518	3	1768123	0.0661157024793388	-0.103070732184645	0.185547982789253	A	T
AX-91553883	3	1768144	0.252066115702479	-0.150348749508341	0.0601788939437354	2	1
SNP265519	3	1768144	0.256198347107438	-0.146020555281614	0.0693039786647017	C	T
SNP265527	3	1769076	0.173553719008264	-0.0612673849184991	0.43337807888556	A	C
AX-90794217	3	1769981	0.0743801652892562	-0.0576818842099725	0.464601800155652	2	1
AX-90794201	3	1770194	0.247933884297521	-0.101996322627536	0.203407735142561	2	1
AX-90794219	3	1770589	0.25	-0.124216709480274	0.119968404372417	2	1
AX-91213237	3	1771080	0.25	-0.124216709480274	0.119968404372417	2	1
AX-91553882	3	1771610	0.0743801652892562	-0.0576818842099725	0.464601800155652	2	1
AX-91428771	3	1771774	0.0743801652892562	-0.0576818842099725	0.464601800155652	2	1
SNP265529	3	1772240	0.194214876033058	-0.0388421569828544	0.620759278712243	A	T
AX-91415033	3	1772521	0.0743801652892562	-0.0576818842099725	0.464601800155652	2	1
AX-90610818	3	1772992	0.0723140495867769	-0.0627203973413057	0.42598612982108	2	1
PZE-103001622	3	1773319	0.0723140495867769	-0.0627203973413057	0.425986129821077	A	G
AX-90536819	3	1773319	0.0743801652892562	-0.0576818842099725	0.464601800155652	2	1
SNP265536	3	1773452	0.0578512396694215	-0.0359719766228597	0.642098674873425	C	T
SNP265542	3	1773500	0.0537190082644628	0.00549598999563985	0.944114387113233	A	G
SNP265547	3	1773564	0.256198347107438	-0.107886543265377	0.180897010592395	G	T
AX-91451444	3	1774727	0.0723140495867769	-0.0627203973413057	0.42598612982108	2	1
AX-90794211	3	1775319	0.0764462809917355	-0.0922774882401418	0.238720487391422	2	1
AX-91553885	3	1775648	0.276859504132231	-0.0824996874215078	0.288708407992669	2	1
PZE-103001626	3	1775697	0.276859504132231	-0.0824996874215077	0.288708407992669	C	A
AX-90536820	3	1775697	0.274793388429752	-0.101077319838559	0.193973833167419	2	1
SNP265550	3	1775697	0.272727272727273	-0.0838359229379896	0.279829806799568	C	A
SNP265553	3	1775720	0.0971074380165289	0.0658767455283301	0.374565850931962	C	T
SNP265554	3	1775728	0.0929752066115702	0.0977793736024182	0.186981758023669	G	A
SNP265563	3	1845669	0.165289256198347	0.197306887757326	0.0115230673825559	T	C
SNP265564	3	1845672	0.359504132231405	0.0609746982661604	0.456081192014594	G	C
SNP265566	3	1845714	0.396694214876033	0.0354836353520454	0.656990795402108	G	C
AX-91836818	3	1848024	0.148760330578512	-0.133991597188076	0.0942462653326001	2	1
AX-90582895	3	1848088	0.181818181818182	0.0166015524061336	0.820968843724638	2	1
AX-91387686	3	1848091	0.177685950413223	-0.000755008887043635	0.991827130878989	2	1
SNP265576	3	1848414	0.367768595041322	-0.034022924445406	0.65032830371121	T	C
SNP265581	3	1848499	0.0516528925619835	0.0917769577284669	0.183297557156538	T	G
AX-91553898	3	1851247	0.15702479338843	0.0285294319397532	0.710126079510862	2	1
SNP265583	3	1851247	0.159090909090909	0.0290398142127758	0.704343859336975	A	G
SYN13532	3	1851914	0.252066115702479	0.0531254814522361	0.485103638291778	T	C
AX-90562168	3	1851914	0.241735537190083	0.0253002349168386	0.735500697888105	2	1
AX-91385927	3	1852126	0.144628099173554	-0.0238845296727909	0.755896357268664	2	1
SNP265584	3	1852151	0.0537190082644628	0.0169773326013671	0.825680318265368	G	C
AX-90580995	3	1852195	0.208677685950413	-0.0859805684899189	0.255145839014705	2	1
SYN13533	3	1852210	0.115702479338843	0.0242099509854702	0.765314035129855	T	C
AX-91367090	3	1852210	0.111570247933884	0.00778550766421526	0.922814684661493	2	1
SNP265585	3	1852219	0.0867768595041322	-0.102220716066834	0.192767883193916	G	A
AX-90580999	3	1852254	0.109504132231405	-0.00482070242191963	0.947830281932279	2	1
SNP265587	3	1852254	0.109504132231405	0.00119110162899407	0.986845245087886	T	C
SYN13535	3	1852282	0.117768595041322	0.0367680389972853	0.649630182222171	T	G
AX-90562171	3	1852282	0.113636363636364	0.0208019231451264	0.797246517300121	2	1
SNP265591	3	1852341	0.367768595041322	0.00373670991471673	0.95920043037973	A	G
SNP265592	3	1852343	0.15495867768595	0.0240978475244966	0.731857170591256	A	C
SNP265593	3	1852357	0.491735537190083	-0.0397238726749839	0.597740071106578	A	G
SYN13534	3	1852756	0.297520661157025	0.0389286028514082	0.631912952720733	T	C
AX-90562170	3	1852756	0.293388429752066	0.0102593312340249	0.899201958584247	2	1
AX-90636495	3	1852879	0.456611570247934	0.0355111308183456	0.650457754420404	1	2
AX-90794232	3	1853135	0.421487603305785	-0.0369833132304013	0.647864024452371	2	1
AX-91426622	3	1853306	0.417355371900826	-0.0629164140928404	0.436632410802109	2	1
AX-90794243	3	1853349	0.419421487603306	-0.0450297149520946	0.577356749676873	2	1
AX-91412778	3	1853429	0.421487603305785	-0.0369833132304013	0.647864024452371	2	1
AX-91553897	3	1854147	0.421487603305785	-0.0369833132304013	0.647864024452371	2	1
AX-90600076	3	1854242	0.28099173553719	-0.0378380920052538	0.631899852622153	2	1
AX-91404460	3	1854270	0.423553719008264	-0.0450222896894825	0.577772886717418	2	1
AX-90586090	3	1854304	0.421487603305785	-0.0369833132304013	0.647864024452371	2	1
SNP265598	3	1854551	0.0743801652892562	-0.0953666565227465	0.235512165392885	A	G
SNP265607	3	1854639	0.417355371900826	-0.0374613277560159	0.641434905573511	G	T
SNP265608	3	1854651	0.425619834710744	-0.0175522335596583	0.826630021637461	A	G
AX-90794233	3	1854683	0.417355371900826	-0.0629164140928404	0.436632410802109	2	1
SNP265610	3	1854683	0.425619834710744	-0.0175522335596583	0.826630021637461	C	A
AX-91553902	3	1854717	0.421487603305785	-0.0369833132304013	0.647864024452371	2	1
AX-90794234	3	1854752	0.419421487603306	-0.0450297149520946	0.577356749676873	2	1
AX-91411624	3	1855151	0.419421487603306	-0.0450297149520946	0.577356749676873	2	1
AX-90642778	3	1855192	0.421487603305785	-0.0369833132304013	0.647864024452371	2	1
AX-91386690	3	1855207	0.285123966942149	-0.0105383332223128	0.894189884314154	2	1
AX-91553900	3	1855436	0.421487603305785	-0.0369833132304013	0.647864024452371	2	1
AX-90794247	3	1855558	0.128099173553719	-0.0779463434832967	0.317309998502586	2	1
AX-90794252	3	1855631	0.396694214876033	-0.0562758556627515	0.4862304487307	2	1
AX-91427888	3	1855643	0.421487603305785	-0.0369833132304013	0.647864024452371	2	1
AX-90623903	3	1855684	0.396694214876033	-0.0562758556627515	0.4862304487307	2	1
AX-91427886	3	1855687	0.392561983471074	-0.0785638451866515	0.329226352084419	2	1
AX-90646665	3	1855722	0.423553719008264	-0.0188579012732886	0.815145115676077	2	1
AX-90794229	3	1856084	0.421487603305785	-0.0369833132304013	0.647864024452371	2	1
AX-91402660	3	1856523	0.388429752066116	-0.0875726250004124	0.280901664935242	2	1
AX-91553899	3	1856611	0.421487603305785	-0.0369833132304013	0.647864024452371	2	1
SNP265613	3	1881088	0.0991735537190083	-0.0137881775436474	0.848474968256952	T	A
SNP265614	3	1881094	0.107438016528926	0.0191802693495671	0.787205254199885	A	T
SNP265619	3	1881162	0.231404958677686	0.0570681986164424	0.428575521416537	C	T
SNP265621	3	1881165	0.194214876033058	0.0493836963309181	0.504295280704525	A	C
SNP265622	3	1881166	0.231404958677686	0.0570681986164424	0.428575521416537	C	G
SNP265624	3	1881235	0.0785123966942149	-0.0154081158309772	0.843807658876085	G	C
SNP265625	3	1881591	0.227272727272727	0.120189436810556	0.12632300499696	T	G
SNP265626	3	1881724	0.111570247933884	0.102620402466138	0.159415508791672	T	G
SNP265627	3	1881754	0.128099173553719	0.147030398835872	0.0441575097440659	C	G
SNP265631	3	1881865	0.46900826446281	0.0397015752144946	0.594537611940021	A	C
SNP265633	3	1881883	0.190082644628099	0.0916743104797789	0.235776729741105	A	C
SNP265634	3	1882119	0.0743801652892562	-0.101287550251594	0.195450371508347	A	T
SNP265637	3	1882150	0.227272727272727	-0.0575765378827417	0.438247165011631	C	A
SNP265641	3	1882162	0.169421487603306	-0.0469348241565732	0.525314138710871	C	G
SNP265643	3	1882166	0.332644628099174	0.13259299367139	0.083685783595445	C	T
SNP265644	3	1882172	0.169421487603306	-0.0469348241565732	0.525314138710871	C	T
AX-91553904	3	1882295	0.239669421487603	-0.159964974442264	0.0383825854347518	2	1
AX-90794236	3	1882340	0.121900826446281	0.108029690205049	0.131063753413848	2	1
AX-90794228	3	1882785	0.136363636363636	0.077899103595971	0.306671498843029	2	1
AX-90794245	3	1883540	0.334710743801653	-0.0412702846282717	0.58949611323354	2	1
AX-91213242	3	1883963	0.487603305785124	-0.0011012178896822	0.988144377563994	2	1
AX-90794251	3	1884188	0.378099173553719	0.0502167301061998	0.500134393990527	2	1
AX-91847040	3	1884197	0.37603305785124	0.0326959447486967	0.660198233605864	2	1
AX-91553901	3	1884468	0.489669421487603	-0.00237636913079144	0.974561778068934	1	2
SNP265657	3	1884542	0.12396694214876	-0.0356694614685674	0.64034839757521	G	A
SNP265659	3	1884621	0.148760330578512	-0.0289852997003523	0.705230313053848	C	A
SNP265661	3	1884632	0.148760330578512	-0.0289852997003523	0.705230313053848	G	A
AX-91213243	3	1884681	0.338842975206612	0.0571818061920355	0.426782894906417	2	1
AX-90794242	3	1884794	0.200413223140496	-0.00384265894007107	0.957558890928403	2	1
PZA00615.3	3	1885957	0.144628099173554	0.0277828399199103	0.711329959003356	A	G
AX-91332363	3	1885957	0.148760330578512	0.01689625195112	0.821398234414352	2	1
AX-90625139	3	1886210	0.336776859504132	0.0573877304246138	0.428144053148189	2	1
AX-91443011	3	1886675	0.132231404958678	0.0775629234900785	0.282551596149442	2	1
AX-90794227	3	1888079	0.198347107438017	0.00510055158624921	0.943475596419073	2	1
AX-91423702	3	1888534	0.115702479338843	0.104222938806659	0.151532928065614	2	1
AX-91847042	3	1889566	0.326446280991736	0.0767811202369048	0.288621966594058	2	1
SNP265666	3	1890784	0.12603305785124	0.104486708385223	0.15171771796923	A	G
AX-90794248	3	1892454	0.136363636363636	-0.0149059270204476	0.844818003927594	2	1
AX-90794224	3	1895870	0.113636363636364	0.101554902893645	0.162011734276131	2	1
SNP265669	3	1896754	0.268595041322314	0.00141217834692213	0.985188011498529	A	C
SNP265673	3	1896780	0.194214876033058	0.1023493790373	0.145069022363688	G	A
SNP265677	3	1896802	0.196280991735537	0.0350434351489086	0.626606988925677	A	G
SNP265679	3	1896809	0.196280991735537	0.0350434351489086	0.626606988925677	T	C
SNP265682	3	1896826	0.196280991735537	0.0350434351489086	0.626606988925677	A	G
SNP265683	3	1896827	0.266528925619835	-0.0171906141992594	0.822291294740004	T	C
AX-91213244	3	1899790	0.31404958677686	0.0676100345530985	0.349397386647013	2	1
AX-90794270	3	1900074	0.336776859504132	0.0769627968989379	0.286168131838314	2	1
AX-90794269	3	1900202	0.117768595041322	0.110007864686486	0.133113730045115	2	1
AX-90632662	3	1900364	0.285123966942149	0.0132054548640683	0.861221228103173	1	2
AX-90632663	3	1900400	0.115702479338843	0.104222938806659	0.151532928065614	2	1
AX-90632664	3	1900460	0.113636363636364	0.101554902893645	0.162011734276131	2	1
SNP265689	3	1900492	0.0909090909090909	0.118602362778738	0.10199243022842	C	A
AX-90632661	3	1900610	0.142561983471074	0.0080871999078045	0.913680420574771	2	1
SNP265691	3	1900638	0.128099173553719	0.124858033532257	0.0861934919523063	C	G
AX-90794257	3	1900701	0.140495867768595	0.0202871167424403	0.786181842628756	2	1
SNP265693	3	1900701	0.146694214876033	0.00832051519027303	0.911957950786873	A	G
SNP265694	3	1900715	0.144628099173554	0.0197429295177576	0.792078356454478	A	G
SNP265695	3	1900730	0.130165289256198	0.109196453413529	0.135521011461427	A	G
AX-91553918	3	1900779	0.268595041322314	0.00828355756290903	0.914895699405485	1	2
SNP265703	3	1900779	0.25	0.0232637809057429	0.759135555923027	T	C
AX-91553930	3	1901165	0.115702479338843	0.104222938806659	0.151532928065614	2	1
AX-91553932	3	1901247	0.262396694214876	-0.0823733966739079	0.301063178296257	2	1
AX-91553924	3	1901360	0.140495867768595	-0.0290496009693904	0.703244618677451	2	1
AX-91553933	3	1959327	0.136363636363636	-0.0846915447058867	0.297311076978799	2	1
AX-91553919	3	1961062	0.111570247933884	0.0785063893701386	0.27875706809902	2	1
AX-91553916	3	1962876	0.15702479338843	-0.0266458549038757	0.729763260276861	2	1
AX-91553914	3	1962954	0.136363636363636	0.0104868702343647	0.888872445566354	2	1
AX-91553928	3	1963116	0.136363636363636	0.0104868702343647	0.888872445566354	2	1
SNP265704	3	1964135	0.107438016528926	0.0599616199837768	0.410448040569395	A	G
SNP265705	3	1964140	0.179752066115703	-0.108757912028167	0.179363866023326	C	T
SNP265706	3	1964161	0.202479338842975	-0.0308419772313028	0.674890703988343	T	C
SNP265708	3	1964431	0.28099173553719	0.102764659157394	0.179356546344291	A	G
SNP265712	3	1964650	0.270661157024793	-0.0939878477545611	0.219204990279579	A	G
AX-91553915	3	1965544	0.18595041322314	0.00807972438528458	0.916557484718402	2	1
AX-90794260	3	1966880	0.0702479338842975	0.0308259103286093	0.676163924885117	2	1
SNP265718	3	1967831	0.202479338842975	0.0448100213766677	0.542921795658546	G	C
SNP265719	3	1967838	0.0537190082644628	-0.0161163507216722	0.805587424176068	A	G
SNP265720	3	1967849	0.105371900826446	-0.0419129008344636	0.589172802213678	C	T
AX-90794277	3	1967904	0.413223140495868	0.0641790176514583	0.419468150285177	1	2
AX-91553936	3	1967929	0.411157024793388	0.0559290744478844	0.48131086888947	1	2
AX-90794259	3	1968369	0.318181818181818	0.0985698036563075	0.200776655884863	1	2
AX-90638671	3	1968480	0.169421487603306	-0.00796922447015179	0.913966253446611	2	1
SNP265724	3	1968676	0.196280991735537	-0.0624780489289045	0.39710903645599	C	A
SNP265726	3	1968704	0.128099173553719	0.0053480906122927	0.943834392037493	T	C
AX-90643008	3	1968764	0.171487603305785	0.00670584177643111	0.927311804665508	2	1
SNP265727	3	1968782	0.289256198347107	-0.181743294589057	0.0221463536824272	T	C
SNP265728	3	1968839	0.497933884297521	-0.0877812682933174	0.237533504303287	C	G
SNP265729	3	1968857	0.0909090909090909	0.0108031266762119	0.891809462485288	G	C
SNP265731	3	1968868	0.320247933884298	-0.0431408494586144	0.556989840616872	C	T
SNP265736	3	1968884	0.0909090909090909	-0.0720816256460024	0.342761047573228	T	A
AX-90600920	3	1968967	0.402892561983471	-0.0762987555643288	0.305228671225294	2	1
SNP265737	3	1975903	0.392561983471074	-0.0449609400427494	0.554838472834992	C	T
AX-91382239	3	1975926	0.237603305785124	0.0791876119824798	0.322023877301303	2	1
SNP265738	3	1975926	0.252066115702479	0.10696257770026	0.177227354167263	C	G
AX-91553911	3	1975971	0.204545454545455	0.0147975343895356	0.840775779528501	1	2
AX-91442820	3	1976015	0.256198347107438	-0.0051087882970265	0.945464962178814	1	2
SNP265741	3	1976064	0.132231404958678	-0.0744846985466354	0.322683016767658	A	G
AX-91442819	3	1976066	0.152892561983471	-0.050811861393065	0.510871630030966	2	1
SNP265742	3	1976066	0.132231404958678	-0.0744846985466354	0.322683016767658	T	C
SNP265744	3	1976364	0.264462809917355	0.0176887184414852	0.812547778155162	T	C
SNP265745	3	1976416	0.0909090909090909	0.00122013616022824	0.985898342298384	T	A
SNP265746	3	1976421	0.0909090909090909	0.00122013616022824	0.985898342298384	T	C
SNP265747	3	1976422	0.0909090909090909	0.00122013616022824	0.985898342298384	T	C
SNP265748	3	1976424	0.0909090909090909	0.00122013616022824	0.985898342298384	T	C
SNP265749	3	1976426	0.0909090909090909	0.00122013616022824	0.985898342298384	T	A
SNP265751	3	1976429	0.0909090909090909	0.00122013616022824	0.985898342298384	C	T
AX-91387648	3	1976474	0.148760330578512	0.0268989936099282	0.721078916908293	2	1
SNP265756	3	1976523	0.136363636363636	0.0175619011223907	0.815150243659717	G	A
SNP265757	3	1976526	0.144628099173554	0.0351492796987805	0.638265997250981	A	G
SNP265758	3	1976530	0.221074380165289	0.0230345975637636	0.762067845632126	C	T
SNP265759	3	1976540	0.0516528925619835	-0.0268057252018842	0.68815689155269	T	C
AX-91428897	3	1976567	0.491735537190083	-0.0959372199950781	0.191691772624934	1	2
SNP265760	3	1976567	0.497933884297521	0.0619296717460711	0.4086553456732	T	C
AX-90624951	3	1976603	0.353305785123967	0.0162530573074421	0.829691941931564	2	1
SNP265761	3	1976603	0.355371900826446	0.00048335470254823	0.99491372662008	G	A
AX-90624952	3	1976636	0.148760330578512	0.000514396901250574	0.994261027618964	2	1
SNP265762	3	1976636	0.132231404958678	-0.0207318206288458	0.773129341716242	G	A
SNP265769	3	1976834	0.198347107438017	0.00103084307462969	0.989022886582302	G	A
AX-90794263	3	1977164	0.462809917355372	-0.0779346453556601	0.321241696985724	2	1
AX-90624271	3	1977909	0.144628099173554	-0.0180878387948951	0.810529593838894	2	1
PZE-103001968	3	1978736	0.448347107438017	0.0694189557649745	0.35067096493493	C	T
AX-90578652	3	1978922	0.289256198347107	-0.0104719434569153	0.886704698958324	2	1
AX-91553934	3	1979304	0.390495867768595	0.0806229510879451	0.281120170627142	2	1
SNP265773	3	1980939	0.506198347107438	-0.0293006653436565	0.700458916590217	T	A
SNP265774	3	1980945	0.0702479338842975	-0.0506379676856874	0.494950456002537	C	G
SNP265775	3	1980946	0.171487603305785	-0.158052374181738	0.0263733269363137	C	G
SNP265777	3	1980950	0.367768595041322	0.0546907409356766	0.484139423650255	C	G
AX-91213248	3	1997925	0.471074380165289	-0.0764154065485565	0.313992582948234	1	2
AX-91847044	3	1998852	0.390495867768595	0.0843668365704977	0.279539855107978	2	1
AX-91553927	3	1999475	0.398760330578512	-0.0126656070404466	0.868981366430249	1	2
AX-90794279	3	2001035	0.386363636363636	0.0715844769632601	0.345014201164943	2	1
SNP265788	3	2001653	0.409090909090909	0.0439516026676431	0.562693955150865	T	C
SNP265790	3	2001661	0.458677685950413	0.0295130624897601	0.690720330494348	C	G
SNP265791	3	2001663	0.458677685950413	0.0295130624897601	0.690720330494348	T	G
SNP265792	3	2001664	0.458677685950413	0.0295130624897601	0.690720330494348	A	T
SNP265793	3	2001681	0.409090909090909	0.0439516026676431	0.562693955150865	T	A
SNP265795	3	2001684	0.508264462809917	0.0762102984569838	0.292882859273715	T	G
SNP265798	3	2001687	0.413223140495868	0.0286896767497168	0.705368951567751	T	G
SNP265799	3	2001688	0.483471074380165	0.0198944352016054	0.794212342214584	T	G
SNP265800	3	2001689	0.487603305785124	0.0140673370137368	0.854649417184544	G	C
SNP265801	3	2001690	0.495867768595041	0.00294960455844528	0.969185364667228	G	A
SNP265816	3	2002195	0.231404958677686	-0.0161768988622015	0.831526254307791	T	C
SNP265819	3	2002216	0.367768595041322	0.0362638892610153	0.616317771324625	A	G
SNP265820	3	2002221	0.231404958677686	-0.0161768988622015	0.831526254307791	C	T
AX-91847045	3	2003033	0.208677685950413	-0.136301760892573	0.0672385645956202	1	2
AX-90794280	3	2004450	0.0991735537190083	-0.0832082751969353	0.258317799377807	2	1
AX-90794313	3	2004942	0.440082644628099	-0.0597002464544825	0.42265733944843	2	1
AX-90794314	3	2005208	0.384297520661157	-0.0790041366079455	0.290600848605669	2	1
AX-91553943	3	2005761	0.247933884297521	-0.0207112160568714	0.784420035896863	2	1
AX-91553950	3	2060616	0.34297520661157	-0.0776078658494415	0.29767921398786	2	1
SNP265842	3	2061209	0.293388429752066	-0.0836695339276961	0.257364030644205	C	T
SNP265844	3	2061263	0.0826446280991736	-0.00162774598931743	0.982608268846077	T	C
SNP265845	3	2061384	0.134297520661157	0.0897140538850474	0.233061936018872	G	T
SNP265847	3	2061866	0.0929752066115702	0.0753541839921098	0.350137375475958	G	T
SNP265850	3	2061898	0.481404958677686	0.00593032760924302	0.938323155374669	G	A
SNP265851	3	2061908	0.324380165289256	0.0238815393809954	0.752216113898855	T	C
SNP265852	3	2061938	0.208677685950413	-0.057357950349828	0.440954285924629	A	G
SNP265854	3	2061967	0.252066115702479	-0.0272369256140909	0.714311157050092	G	A
SNP265859	3	2062015	0.252066115702479	-0.0272369256140909	0.714311157050092	A	G
SNP265860	3	2062049	0.454545454545455	0.0164187679306194	0.835114672648066	A	C
