Marker_Name	Chromosome	Marker_Position	Maf	SNP_Weight	Pvalue	Allele1	Allele2
AX-90793747	3	64268	0.196280991735537	-0.0391071968430432	0.606333754045933	2	1
AX-90793761	3	64790	0.256198347107438	0.116276486161968	0.147151915884226	1	2
AX-90793762	3	64857	0.136363636363636	0.0553533904061421	0.427556830985342	2	1
AX-90793738	3	80900	0.429752066115702	-0.0923960544948137	0.213545823285982	2	1
AX-91553597	3	81305	0.0785123966942149	-0.139158307449426	0.058742477262464	2	1
AX-90793739	3	81792	0.260330578512397	0.102368418062862	0.200935728229076	1	2
AX-90793737	3	81926	0.289256198347107	0.0466864282886914	0.52317931261686	2	1
SNP264505	3	81926	0.177685950413223	0.108218292883859	0.142466529237005	A	G
AX-91553590	3	85462	0.297520661157025	0.0591153222080478	0.417989478663936	2	1
AX-91553587	3	85515	0.0619834710743802	-0.085012106815104	0.250786946234832	2	1
AX-90793742	3	91656	0.425619834710744	-0.0969974577908439	0.191693865678726	2	1
AX-90793756	3	92262	0.132231404958678	0.0411291121792913	0.579675830835928	2	1
AX-90793758	3	93037	0.239669421487603	0.0520977646855516	0.519876360228984	1	2
AX-90793771	3	107034	0.243801652892562	0.131487550077333	0.105743053790579	1	2
AX-91553614	3	109281	0.264462809917355	0.105606262651757	0.180405382550173	1	2
AX-90793770	3	114711	0.136363636363636	0.0553533904061421	0.427556830985342	2	1
AX-90793778	3	163275	0.297520661157025	0.0591153222080478	0.417989478663936	2	1
AX-91553625	3	208772	0.256198347107438	0.116276486161968	0.147151915884226	1	2
AX-90793789	3	272553	0.194214876033058	-0.0430064454751326	0.570365581356492	2	1
AX-90793797	3	292390	0.299586776859504	0.0500262419353331	0.493635882671106	2	1
AX-91553637	3	303432	0.297520661157025	0.0591153222080478	0.417989478663936	2	1
AX-90793817	3	308835	0.252066115702479	0.147317247655242	0.065839016271751	1	2
AX-90793803	3	331357	0.252066115702479	0.141437067248752	0.0812147054502888	1	2
AX-90793829	3	363621	0.421487603305785	-0.107209004195857	0.149913968588899	2	1
AX-90793820	3	364346	0.101239669421488	-0.161053654090674	0.0289349037122804	2	1
AX-90793825	3	374788	0.475206611570248	-0.0738472519195898	0.332245785705555	2	1
AX-90793828	3	375843	0.417355371900826	-0.100104340056806	0.17449033346818	2	1
AX-90793805	3	378370	0.388429752066116	-0.016882279663577	0.827543476242055	1	2
AX-90793819	3	381118	0.128099173553719	0.0497598891274964	0.474735475841866	2	1
AX-91553652	3	414777	0.0826446280991736	-0.0516921685714901	0.480285519861146	2	1
AX-90793862	3	421645	0.43801652892562	-0.0903390744309959	0.262800505579577	2	1
AX-90793864	3	422040	0.0867768595041322	-0.0579450117602981	0.413599948097397	2	1
AX-90793835	3	464350	0.198347107438017	-0.0247072160275132	0.742910136298156	2	1
AX-91553669	3	529320	0.293388429752066	0.0532366296212518	0.464321217173739	2	1
AX-90793883	3	529577	0.256198347107438	0.116276486161968	0.147151915884226	1	2
AX-90793874	3	534748	0.409090909090909	-0.106476503305273	0.149003337886531	2	1
SNP264554	3	542577	0.347107438016529	0.0316878899279265	0.629422089046791	T	C
SNP264556	3	542582	0.301652892561983	0.0598369053984903	0.349392993510108	G	T
SNP264560	3	543673	0.384297520661157	-0.0227667848830893	0.7428087714118	T	C
AX-90628872	3	545636	0.239669421487603	0.140871149247249	0.0820371960161382	1	2
SNP264564	3	549836	0.260330578512397	-0.0409257943375054	0.570243756577863	A	G
AX-90793882	3	551197	0.264462809917355	0.117116766254487	0.142099251488963	1	2
AX-90793890	3	552062	0.285123966942149	0.0692055651960258	0.33733422527328	2	1
AX-91553684	3	555842	0.206611570247934	0.0225823400514696	0.762598144608442	2	1
AX-90793869	3	556510	0.283057851239669	0.0547875956639033	0.442529510885794	2	1
AX-90793918	3	740985	0.260330578512397	0.107902234237419	0.184668706040957	1	2
AX-90793914	3	744730	0.264462809917355	0.0939425487180234	0.247502257894921	1	2
AX-90793946	3	887796	0.326446280991736	0.0237386560199039	0.747584927284092	2	1
AX-91553720	3	892541	0.264462809917355	0.0904259606597566	0.250755261830147	1	2
AX-91553727	3	898118	0.190082644628099	-0.0392858524425442	0.607500929776391	2	1
AX-90793964	3	989025	0.196280991735537	-0.0391071968430432	0.606333754045933	2	1
PZE-103000190	3	989725	0.324380165289256	0.0452985465944191	0.538185503587542	G	A
AX-91341669	3	989725	0.322314049586777	0.0423883744167237	0.564790919710743	2	1
AX-91553734	3	992274	0.152892561983471	-0.0281909731958274	0.702769061158863	2	1
PZE-103000200	3	992354	0.254132231404959	0.00700623800595069	0.928403123243407	T	C
AX-90536787	3	992354	0.254132231404959	0.0049244780815558	0.949967638622353	2	1
PZE-103000201	3	992413	0.254132231404959	0.00700623800595069	0.928403123243407	G	A
AX-91553731	3	992511	0.252066115702479	0.00415342742993795	0.957555793747826	2	1
AX-90793986	3	1014030	0.254132231404959	0.00700623800595082	0.928403123243404	2	1
AX-91553754	3	1021670	0.254132231404959	0.00700623800595082	0.928403123243404	2	1
AX-90793976	3	1024132	0.254132231404959	0.00700623800595082	0.928403123243404	2	1
PZE-103000204	3	1024814	0.254132231404959	0.00700623800595069	0.928403123243407	C	T
AX-91341672	3	1024814	0.252066115702479	0.00415342742993795	0.957555793747826	2	1
AX-90794000	3	1025043	0.252066115702479	0.00415342742993795	0.957555793747826	2	1
AX-91553762	3	1025369	0.252066115702479	0.00415342742993795	0.957555793747826	2	1
AX-90793992	3	1025654	0.254132231404959	0.00700623800595082	0.928403123243404	2	1
AX-90793997	3	1026259	0.252066115702479	0.00415342742993795	0.957555793747826	2	1
AX-90793973	3	1026775	0.254132231404959	0.00700623800595082	0.928403123243404	2	1
AX-91553755	3	1027022	0.254132231404959	0.00700623800595082	0.928403123243404	2	1
AX-91553753	3	1027591	0.254132231404959	0.00700623800595082	0.928403123243404	2	1
AX-90793995	3	1028892	0.252066115702479	0.00415342742993795	0.957555793747826	2	1
AX-91553765	3	1029448	0.254132231404959	0.00700623800595082	0.928403123243404	2	1
AX-90793983	3	1030039	0.252066115702479	0.00415342742993795	0.957555793747826	2	1
AX-91553748	3	1030120	0.252066115702479	0.00415342742993795	0.957555793747826	2	1
AX-90793987	3	1031218	0.252066115702479	0.00415342742993795	0.957555793747826	2	1
AX-90793991	3	1035554	0.252066115702479	0.00415342742993795	0.957555793747826	2	1
SNP264623	3	1036520	0.0785123966942149	0.0461244257042603	0.518219851879054	T	C
SNP264624	3	1036553	0.0785123966942149	0.0461244257042603	0.518219851879054	T	G
SNP264625	3	1036561	0.0785123966942149	0.0461244257042603	0.518219851879054	T	C
SNP264630	3	1037704	0.119834710743802	0.0141789813186411	0.830275768803091	A	C
SNP264632	3	1037853	0.144628099173554	-0.0849939774708202	0.233992690561585	C	T
SNP264633	3	1037869	0.144628099173554	-0.0849939774708202	0.233992690561585	G	A
SNP264634	3	1037874	0.144628099173554	-0.0849939774708202	0.233992690561585	G	T
SNP264635	3	1037882	0.0826446280991736	0.0639280822788466	0.366285810646786	G	T
PZE-103000289	3	1080251	0.363636363636364	0.044622398193081	0.566502327982628	C	A
AX-90536795	3	1080251	0.363636363636364	0.0446223981930812	0.566502327982631	2	1
SNP264637	3	1080336	0.169421487603306	-0.0177456105300847	0.801204327320777	C	T
SNP264640	3	1080361	0.173553719008264	-0.0461789220010826	0.509389482153669	C	T
SNP264641	3	1080366	0.169421487603306	-0.0177456105300847	0.801204327320777	C	A
SNP264644	3	1080381	0.169421487603306	-0.0177456105300847	0.801204327320777	T	C
SNP264646	3	1080387	0.169421487603306	-0.0177456105300847	0.801204327320777	C	T
SNP264647	3	1080388	0.169421487603306	-0.0177456105300847	0.801204327320777	C	T
PZE-103000279	3	1083607	0.254132231404959	0.00700623800595069	0.928403123243407	C	T
AX-91341677	3	1083607	0.254132231404959	0.00700623800595082	0.928403123243404	2	1
AX-91553756	3	1087341	0.254132231404959	0.00700623800595082	0.928403123243404	2	1
PZE-103000262	3	1095099	0.254132231404959	0.00700623800595069	0.928403123243407	G	A
AX-90536793	3	1095099	0.258264462809917	0.0157763214323437	0.839923922702477	2	1
PZE-103000261	3	1095356	0.254132231404959	0.00700623800595069	0.928403123243407	C	T
AX-91341675	3	1095356	0.25	-0.0042531558643942	0.956567650286046	2	1
SNP264651	3	1095451	0.173553719008264	-0.0371689320321443	0.599901049569317	G	A
SNP264652	3	1095492	0.173553719008264	-0.0371689320321443	0.599901049569317	C	T
AX-91553764	3	1096457	0.252066115702479	0.00415342742993795	0.957555793747826	2	1
AX-90793917	3	1096582	0.12396694214876	-0.120616252606904	0.1149137318441	2	1
AX-90793988	3	1096951	0.0578512396694215	0.157735847736567	0.0330790624271242	2	1
AX-91847028	3	1103294	0.419421487603306	-0.0363283068994397	0.632646460132841	2	1
AX-90794024	3	1104136	0.15495867768595	-0.024753418179135	0.737354789176457	2	1
SNP264663	3	1104193	0.148760330578512	-0.00210882265246206	0.97533064431127	A	C
SNP264664	3	1104194	0.148760330578512	-0.00210882265246206	0.97533064431127	G	T
PZE-103000239	3	1104224	0.254132231404959	0.00700623800595069	0.928403123243407	T	G
AX-90536791	3	1104224	0.254132231404959	0.00700623800595082	0.928403123243404	2	1
SNP264665	3	1104224	0.148760330578512	-0.00210882265246206	0.97533064431127	A	C
AX-90794026	3	1104272	0.254132231404959	0.00700623800595082	0.928403123243404	2	1
PZE-103000238	3	1106932	0.121900826446281	-0.0267356577557295	0.737052429208735	A	G
AX-90794016	3	1107324	0.136363636363636	-0.0282637837399522	0.742530751881816	2	1
AX-91213215	3	1168768	0.252066115702479	0.0876656153227467	0.21146475121682	2	1
AX-90794008	3	1170824	0.194214876033058	0.0993306383110212	0.15594003508143	2	1
AX-90794006	3	1171491	0.202479338842975	0.0925983704497178	0.187408266709756	2	1
AX-90794030	3	1171895	0.254132231404959	0.0700831177290376	0.318541726884287	2	1
AX-90794028	3	1171963	0.25	0.0676593200537694	0.333586751238607	2	1
AX-90794029	3	1172009	0.200413223140496	0.0728651429035629	0.297264082490359	2	1
AX-91553779	3	1172117	0.223140495867769	0.0800641790034267	0.254032054797874	2	1
AX-90794025	3	1172258	0.256198347107438	0.0650146035511398	0.355157514217823	2	1
AX-90794003	3	1173156	0.287190082644628	0.0688461855711598	0.348190526366239	2	1
AX-90794022	3	1173404	0.285123966942149	0.0588276335853593	0.423030837098423	2	1
AX-91213212	3	1173502	0.301652892561983	0.0323554359434101	0.657017896452978	2	1
AX-91213213	3	1173860	0.285123966942149	0.0588276335853593	0.423030837098423	2	1
AX-90794045	3	1213492	0.227272727272727	-0.0172209639630975	0.816822197003359	2	1
AX-90794062	3	1214024	0.0661157024793388	0.0965885085304337	0.176221384037661	2	1
AX-90794038	3	1215036	0.227272727272727	-0.0172209639630975	0.816822197003359	2	1
AX-91553792	3	1215101	0.0661157024793388	0.0965885085304337	0.176221384037661	2	1
AX-90794043	3	1215491	0.227272727272727	-0.0172209639630975	0.816822197003359	2	1
AX-90794053	3	1215588	0.227272727272727	-0.0172209639630975	0.816822197003359	2	1
AX-90794033	3	1216210	0.227272727272727	-0.0172209639630975	0.816822197003359	2	1
AX-90794042	3	1216281	0.0578512396694215	0.0617078007236321	0.399008647044097	2	1
AX-90794065	3	1216656	0.227272727272727	-0.0172209639630975	0.816822197003359	2	1
AX-91553799	3	1217034	0.227272727272727	-0.0172209639630975	0.816822197003359	2	1
AX-91553797	3	1217290	0.223140495867769	-0.0169026650407118	0.820118726592415	2	1
AX-91213216	3	1218939	0.450413223140496	0.0542662581778215	0.472410620298993	2	1
PZE-103000307	3	1233964	0.192148760330579	0.0811452276685587	0.249907686950205	C	A
AX-90536796	3	1233964	0.214876033057851	0.0647509856468772	0.36088964069232	2	1
AX-90794037	3	1239492	0.212809917355372	0.0695963938978318	0.322649862709852	2	1
AX-91553787	3	1239808	0.173553719008264	0.0466201271143082	0.498250325045166	2	1
SNP264675	3	1258153	0.0537190082644628	-0.0964544207948339	0.178290932344048	A	G
SNP264685	3	1260639	0.206611570247934	0.012475135244746	0.862135823319623	T	C
SNP264705	3	1261966	0.336776859504132	-0.0114490861227843	0.871662642073516	C	T
SNP264707	3	1262017	0.303719008264463	-0.00680440323446892	0.922028613686238	C	T
SNP264713	3	1262209	0.190082644628099	0.104626616636917	0.164267975909334	A	G
SNP264714	3	1262233	0.371900826446281	-0.00781452874083843	0.912382477487308	C	T
AX-91213219	3	1269186	0.241735537190083	-0.014219615493099	0.848368726241587	2	1
AX-90794034	3	1269394	0.0805785123966942	0.0187297892991936	0.802969063309349	2	1
AX-91847030	3	1270760	0.245867768595041	-0.0202888407390742	0.784962597856222	2	1
AX-90794044	3	1270921	0.338842975206612	0.0522118476408522	0.494216689391586	2	1
AX-91553798	3	1273082	0.239669421487603	-0.00863119063018125	0.907437971812286	2	1
AX-90794048	3	1281995	0.0785123966942149	0.0140789978338528	0.851045862064035	2	1
SNP264724	3	1289855	0.431818181818182	-0.0456007645725052	0.549368275315165	C	T
SNP264728	3	1289918	0.359504132231405	-0.077797194286749	0.293113720127205	A	G
SNP264729	3	1289966	0.293388429752066	-0.132165340841112	0.0734728719526961	T	C
SNP264738	3	1290787	0.0537190082644628	0.0729057501369864	0.304629517673639	T	C
AX-90794055	3	1290932	0.173553719008264	-0.00121670421693109	0.987835570744382	2	1
AX-90794052	3	1292639	0.0909090909090909	-0.0454303439253599	0.521816433046265	2	1
AX-91553788	3	1295106	0.411157024793388	-0.0109836481698332	0.882871091511755	2	1
SNP264739	3	1295292	0.119834710743802	0.0534238994028997	0.436054012362545	G	C
AX-90794061	3	1295385	0.194214876033058	-0.0476053313208964	0.523621022204658	2	1
AX-90590214	3	1296922	0.338842975206612	0.0788313499644447	0.304848621800898	1	2
AX-91394939	3	1296930	0.305785123966942	-0.0455524545471423	0.564171095096623	2	1
AX-91422506	3	1297597	0.398760330578512	0.0176410558088159	0.819503982596546	2	1
AX-90604641	3	1298054	0.435950413223141	-0.0287338302348953	0.720280322033313	2	1
SNP264755	3	1298054	0.466942148760331	-0.0456548056142262	0.583811056921055	G	C
SNP264756	3	1298060	0.466942148760331	-0.0456548056142262	0.583811056921055	C	A
AX-90646356	3	1298139	0.107438016528926	-0.0936827423394928	0.205743099978607	2	1
AX-90794054	3	1298244	0.347107438016529	0.0432432426601685	0.588358464223797	2	1
AX-91553796	3	1298304	0.489669421487603	0.0168847978801388	0.833821540850327	1	2
PZA00309.1	3	1298537	0.5	0.042576874582051	0.606729959737735	G	A
AX-90527397	3	1298537	0.493801652892562	0.0626032309798972	0.446538866615287	1	2
AX-91436322	3	1298636	0.448347107438017	-0.0414656196721206	0.6177949057334	2	1
AX-90593402	3	1301925	0.134297520661157	-0.0255555999522059	0.723063427117726	2	1
AX-91213220	3	1302266	0.357438016528926	0.0718771711555527	0.368770428309906	2	1
AX-90794080	3	1302585	0.107438016528926	-0.0323350959294386	0.680354854008031	2	1
AX-90794079	3	1302937	0.0516528925619835	-0.00395809892806082	0.959213282588674	2	1
AX-90794081	3	1302994	0.0991735537190083	-0.0655334357349779	0.398029156301264	2	1
AX-90794068	3	1303245	0.388429752066116	0.0244599813242942	0.758128973732163	2	1
AX-90794071	3	1303289	0.0991735537190083	-0.0655334357349779	0.398029156301264	2	1
AX-91553801	3	1303408	0.0516528925619835	-0.00395809892806082	0.959213282588674	2	1
AX-91553819	3	1303473	0.148760330578512	-0.0112918380637977	0.876851088135807	2	1
AX-90600565	3	1303704	0.0516528925619835	-0.00395809892806082	0.959213282588674	2	1
AX-91404918	3	1303719	0.28099173553719	0.00372410250100913	0.960117697616984	2	1
SNP264759	3	1303812	0.285123966942149	0.0684263444522584	0.377755115360801	C	T
AX-91404920	3	1303959	0.460743801652893	0.0620467257161769	0.459090394581317	1	2
AX-90794082	3	1304189	0.183884297520661	-0.0472002038597645	0.54542522604136	2	1
AX-90794085	3	1304288	0.169421487603306	0.0783206380377101	0.280984127324749	2	1
AX-91553814	3	1304611	0.198347107438017	0.0385871932297578	0.604595002808033	2	1
AX-90794084	3	1318503	0.31198347107438	-0.125386231681264	0.116948196932249	2	1
SNP264760	3	1326393	0.371900826446281	-0.129678086087828	0.113948970458378	C	T
SNP264761	3	1326407	0.417355371900826	-0.0774691062432738	0.350889366145605	G	A
SNP264762	3	1326409	0.371900826446281	-0.129678086087828	0.113948970458378	C	T
SNP264765	3	1326446	0.159090909090909	-0.0704721006863813	0.383706127521195	G	C
SNP264766	3	1326458	0.121900826446281	0.0443139620727036	0.550943085820203	A	C
SNP264768	3	1326567	0.140495867768595	-0.116811319051811	0.133604260432695	G	T
SNP264770	3	1326601	0.0785123966942149	0.0466319276479709	0.552582232683802	A	G
SNP264776	3	1326943	0.107438016528926	-0.0331807639597506	0.67640089043122	A	C
SNP264789	3	1327240	0.31404958677686	-0.117336707768028	0.125564449975048	G	A
SNP264795	3	1327300	0.0475206611570248	0.0115372951131408	0.872439999028053	A	G
SNP264796	3	1327315	0.0826446280991736	0.0236683283280832	0.756667598418081	A	G
AX-90794090	3	1335546	0.264462809917355	-0.0456183320956494	0.515094638483313	2	1
SNP264797	3	1337663	0.0619834710743802	-0.173906275312205	0.0112333653291998	A	G
SNP264798	3	1337664	0.12396694214876	0.0794551126169523	0.278065093774806	T	C
SNP264799	3	1337673	0.227272727272727	0.205499728348587	0.00883334012046784	C	G
SNP264800	3	1337674	0.12396694214876	0.0794551126169523	0.278065093774806	C	T
SNP264801	3	1337683	0.12396694214876	0.0794551126169523	0.278065093774806	A	G
SNP264802	3	1337705	0.367768595041322	0.123706526369978	0.0910853534382678	A	T
SNP264803	3	1337707	0.475206611570248	-0.08346752198223	0.254168052192017	T	C
AX-91847032	3	1338297	0.448347107438017	0.0173442114143381	0.814452293316748	2	1
AX-90794089	3	1338476	0.307851239669421	-0.0657293068068737	0.373937684251678	2	1
AX-90794076	3	1338553	0.307851239669421	-0.0657293068068737	0.373937684251678	2	1
SNP264812	3	1349505	0.163223140495868	0.065929526491311	0.373909933198848	T	G
SNP264813	3	1349507	0.0537190082644628	0.0220383183065614	0.782435820412963	T	A
SNP264817	3	1349570	0.0991735537190083	-0.0507826398853731	0.516095150638818	T	C
PZE-103000485	3	1349649	0.268595041322314	0.0285602435853065	0.711112923671253	T	C
AX-91341680	3	1349649	0.268595041322314	0.0285602435853066	0.711112923671242	2	1
SNP264820	3	1349649	0.28099173553719	0.0300446733852674	0.694044703525567	T	C
SNP264822	3	1349759	0.256198347107438	-0.0861809706828429	0.244505899803516	C	G
SNP264823	3	1349766	0.444214876033058	0.115887262696651	0.124077894671977	A	G
AX-91553803	3	1350279	0.252066115702479	-0.0515303789866242	0.490780191038603	2	1
PZE-103000496	3	1350487	0.43801652892562	0.11826954070547	0.113248584386888	T	G
AX-91341681	3	1350487	0.433884297520661	0.102871178408522	0.172038558741284	1	2
PZE-103000497	3	1350533	0.43801652892562	0.11826954070547	0.113248584386888	T	C
AX-91341682	3	1350533	0.433884297520661	0.102871178408522	0.172038558741284	1	2
SNP264829	3	1350600	0.272727272727273	-0.0276437539011702	0.705124860620892	G	A
AX-90794070	3	1350764	0.233471074380165	-0.0383447820572271	0.6037643798146	2	1
AX-90794078	3	1350888	0.235537190082645	0.113620502978798	0.162378445149744	1	2
AX-90794093	3	1351187	0.101239669421488	-0.0811430274699007	0.276977325956619	2	1
AX-90647214	3	1351339	0.359504132231405	0.0772750319223939	0.294442845546833	1	2
SNP264835	3	1351339	0.363636363636364	0.0945091598329946	0.196720069935937	T	C
AX-91451048	3	1351341	0.227272727272727	0.0930216374170677	0.222739011756633	2	1
SNP264836	3	1351341	0.202479338842975	0.0972404787650212	0.205977712854741	C	T
AX-90647215	3	1351375	0.444214876033058	0.0208776473552664	0.771268430722136	1	2
SNP264837	3	1351375	0.442148760330579	0.0348912794044268	0.628345056973169	G	T
SNP264840	3	1351420	0.347107438016529	0.117062364836084	0.107504404725657	A	G
AX-90794087	3	1351603	0.0847107438016529	-0.0899484216297549	0.208454450669727	2	1
AX-91553818	3	1351638	0.326446280991736	-0.0521898249691625	0.481900338728605	2	1
AX-90794067	3	1352547	0.493801652892562	-0.0370221002287287	0.612987913479526	2	1
AX-90794074	3	1352939	0.15702479338843	0.069595679225773	0.352050360425028	2	1
AX-90794091	3	1353076	0.334710743801653	-0.0963744293188418	0.194118455742054	2	1
PZE-103000505	3	1353289	0.332644628099174	-0.116186028419257	0.113392594406822	G	A
AX-90536800	3	1353289	0.332644628099174	-0.0907983437498148	0.220200756038202	2	1
SNP264841	3	1353289	0.285123966942149	-0.139626144639417	0.0587667741950123	G	A
SNP264843	3	1353319	0.0619834710743802	-0.0569577563794546	0.448401233411838	T	A
SNP264844	3	1353323	0.285123966942149	-0.139626144639417	0.0587667741950123	G	A
AX-90794075	3	1353407	0.351239669421488	0.0616150198491568	0.402762616080537	1	2
AX-90639169	3	1353516	0.31198347107438	0.0239487890170442	0.752784530823232	2	1
SNP264846	3	1353516	0.272727272727273	0.0492354592783074	0.533311070661228	G	A
AX-91399004	3	1353534	0.340909090909091	-0.087655985527522	0.235806514732161	2	1
AX-91553811	3	1353814	0.332644628099174	-0.0907983437498148	0.220200756038202	2	1
AX-91412748	3	1354009	0.332644628099174	-0.0907983437498148	0.220200756038202	2	1
AX-91412749	3	1354054	0.332644628099174	-0.0907983437498148	0.220200756038202	2	1
AX-91412747	3	1354396	0.150826446280992	-0.152183309763905	0.0369105124183266	2	1
PZE-103000508	3	1354435	0.146694214876033	-0.152184630458267	0.0367778504717242	G	A
AX-90536801	3	1354435	0.152892561983471	-0.149018593330042	0.0418131645638376	2	1
AX-90794073	3	1354575	0.15495867768595	-0.0430227563105391	0.567249787884966	2	1
AX-90794092	3	1354678	0.0743801652892562	-0.0544877965532875	0.466562432372498	2	1
SNP264847	3	1406710	0.15702479338843	-0.0715580953091499	0.326648049365847	G	C
SNP264848	3	1406727	0.103305785123967	0.0163702613268165	0.832292306780608	T	C
AX-91213226	3	1407408	0.417355371900826	0.145543206780839	0.0602874356676463	1	2
AX-90612958	3	1407528	0.390495867768595	0.214482281094345	0.00528871457223642	1	2
AX-90612957	3	1407591	0.400826446280992	-0.119572024904552	0.104173579931037	2	1
AX-91417178	3	1407595	0.161157024793388	-0.208556997769478	0.00484799877755658	2	1
AX-90612955	3	1407685	0.392561983471074	0.205747365899094	0.00669784630467185	1	2
AX-90794109	3	1407921	0.107438016528926	-0.198242030312942	0.0082056422255932	2	1
AX-90638008	3	1409193	0.353305785123967	-0.185341243440644	0.0192771781904686	2	1
AX-91385424	3	1409217	0.247933884297521	-0.0626307274801805	0.419174370957381	2	1
AX-91441985	3	1409279	0.237603305785124	-0.0173841892060365	0.819982988502766	2	1
SNP264852	3	1409279	0.18595041322314	0.016988923031104	0.823617999356951	C	T
AX-90592109	3	1409367	0.237603305785124	-0.0173841892060365	0.819982988502766	2	1
AX-91405620	3	1409502	0.274793388429752	-0.0582947862016986	0.445297952994432	2	1
AX-90615340	3	1409718	0.491735537190083	0.1705642631153	0.0249923467060592	1	2
AX-91553833	3	1409725	0.361570247933884	-0.0507902514557675	0.504882261182293	2	1
AX-90794095	3	1409783	0.361570247933884	-0.0507902514557675	0.504882261182293	2	1
AX-91553835	3	1410550	0.40495867768595	0.155380530718375	0.0422632260373273	1	2
AX-90794108	3	1410582	0.369834710743802	0.207945579127438	0.00762018361203773	1	2
SNP264861	3	1462005	0.326446280991736	-0.0903713092856624	0.235247361027174	C	T
SNP264866	3	1462044	0.165289256198347	-0.0697742497604915	0.354015500996194	G	A
SNP264873	3	1462112	0.475206611570248	0.226393395394213	0.00407568394413008	A	T
SNP264874	3	1462119	0.471074380165289	-0.157169441718248	0.0423386768459613	A	G
SNP264876	3	1462146	0.268595041322314	-0.0796330587408348	0.302311844259805	C	T
SNP264877	3	1462147	0.475206611570248	0.226393395394213	0.00407568394413008	G	A
SNP264879	3	1462162	0.458677685950413	-0.198323132829719	0.0103970035318491	T	C
AX-91553832	3	1462165	0.0991735537190083	-0.171501123508683	0.0249626046198509	2	1
SNP264880	3	1462165	0.0785123966942149	-0.135400022112126	0.0592914382722361	A	G
SNP264881	3	1464901	0.15702479338843	-0.113906231609466	0.11466226804152	G	C
SNP264882	3	1464938	0.392561983471074	0.225020283276496	0.00285945490453789	C	T
SNP264883	3	1464943	0.15702479338843	-0.113906231609466	0.11466226804152	C	T
SNP264884	3	1465011	0.0537190082644628	0.0289654256795835	0.689594044316974	T	A
SNP264885	3	1465012	0.0537190082644628	0.0289654256795835	0.689594044316974	A	C
SNP264887	3	1465017	0.0537190082644628	0.0289654256795835	0.689594044316974	C	A
SNP264888	3	1465019	0.0537190082644628	0.0289654256795835	0.689594044316974	T	C
SNP264897	3	1465244	0.479338842975207	-0.14772015572733	0.0643482889427204	C	T
SNP264901	3	1465443	0.111570247933884	-0.00624892624815302	0.934527720151944	T	G
SNP264903	3	1465537	0.0826446280991736	-0.103208172535159	0.150084991304648	T	C
SNP264904	3	1465546	0.198347107438017	-0.0767440888313009	0.32885058680234	G	A
SNP264910	3	1465617	0.353305785123967	-0.150061041882214	0.0562261879148196	G	A
AX-90794102	3	1465917	0.440082644628099	0.182226673210288	0.0167882120394103	1	2
SNP264913	3	1466158	0.115702479338843	-0.202749499635794	0.00283168440887416	T	C
SNP264915	3	1466161	0.0991735537190083	-0.00732201766755771	0.917875570231142	C	T
SNP264916	3	1466306	0.301652892561983	-0.0243564378801512	0.743309843409602	C	A
SNP264923	3	1467073	0.0578512396694215	0.0701807725354501	0.31337507038475	T	A
AX-90794116	3	1467145	0.202479338842975	-0.0427172883038528	0.582568704825454	2	1
SNP264926	3	1467145	0.18595041322314	0.060361221644883	0.443279731755827	A	C
SNP264927	3	1467154	0.107438016528926	0.0911996038024904	0.23891400414249	A	C
SNP264928	3	1467156	0.107438016528926	0.0911996038024904	0.23891400414249	C	G
PZE-103000668	3	1467202	0.0681818181818182	0.129676344110396	0.0667526485054857	C	A
AX-90536802	3	1467202	0.239669421487603	-0.0240594712282424	0.750091056569514	2	1
SNP264930	3	1467202	0.0867768595041322	-0.0411510589537891	0.563035683631232	C	A
SNP264931	3	1467218	0.0867768595041322	-0.0728388269860308	0.3062191809376	C	T
SNP264936	3	1467254	0.289256198347107	-0.0980117803010151	0.165729856310233	G	A
SNP264937	3	1467259	0.34297520661157	-0.0706863960618896	0.331482732584792	T	A
SNP264938	3	1467316	0.241735537190083	0.00562659948059616	0.934814180030697	A	G
SNP264939	3	1467324	0.0847107438016529	0.0583070550814032	0.432532957895088	C	T
SNP264941	3	1467362	0.231404958677686	0.0482389490918578	0.508879238880279	C	G
SNP264942	3	1467363	0.221074380165289	0.0652237802442168	0.373166720065518	A	C
SYN5839	3	1468409	0.427685950413223	0.189308822730266	0.0161375529970341	A	G
AX-91376689	3	1468409	0.431818181818182	0.194089272527401	0.0132519409663837	1	2
SNP264948	3	1468691	0.429752066115702	-0.116969996049965	0.116292068826749	G	T
SNP264951	3	1468725	0.361570247933884	-0.152660536801908	0.0450565179893863	C	A
SNP264952	3	1468737	0.413223140495868	-0.145717254134	0.0545348811279159	T	A
SNP264954	3	1468793	0.239669421487603	-0.225794902686853	0.0022780652069099	C	G
SNP264955	3	1468798	0.0743801652892562	0.0654360289744106	0.383870613358877	T	C
SNP264956	3	1468838	0.338842975206612	-0.153456355352207	0.0349436301760103	T	C
SNP264957	3	1468839	0.0909090909090909	0.0237861985229401	0.74126341188106	C	T
SNP264958	3	1468841	0.462809917355372	0.176672829441614	0.0128404812354624	C	T
SNP264964	3	1469060	0.392561983471074	-0.173819887524475	0.0164517683595233	A	C
AX-90794036	3	1469570	0.119834710743802	0.0313276288250576	0.675988240916311	2	1
AX-91553827	3	1469815	0.0764462809917355	0.00750251188525701	0.918500993753408	2	1
AX-91553839	3	1469884	0.15495867768595	0.00374174817125323	0.960902616639886	2	1
AX-90794120	3	1469916	0.208677685950413	-0.170684117898308	0.0247555239710867	2	1
AX-90794105	3	1470440	0.0867768595041322	-0.0189217004597012	0.796207255283176	2	1
AX-91847034	3	1476419	0.204545454545455	-0.160910367213908	0.0309607897458504	2	1
PZE-103000729	3	1476553	0.202479338842975	-0.196182047980742	0.00860544822859714	A	G
AX-90536804	3	1476553	0.202479338842975	-0.165138406183017	0.0277669812930215	2	1
AX-90794111	3	1476698	0.200413223140496	-0.179036024124699	0.0163935537563705	2	1
SNP264970	3	1476764	0.384297520661157	-0.0107198241169885	0.879254931558508	T	G
SNP264972	3	1476786	0.497933884297521	0.0615005991728677	0.396484624265307	T	A
SNP264973	3	1476803	0.0826446280991736	0.00925306337072499	0.894152371376376	T	C
SNP264974	3	1477366	0.299586776859504	-0.0431040458228066	0.559741185210971	A	C
SNP264975	3	1477367	0.299586776859504	-0.0431040458228066	0.559741185210971	T	A
SNP264976	3	1477391	0.309917355371901	-0.0561179771821177	0.451054819917866	C	A
SNP264977	3	1477471	0.0867768595041322	0.00253495742095523	0.972470937714226	G	T
SNP264979	3	1477492	0.0867768595041322	0.00253495742095523	0.972470937714226	A	G
AX-91553822	3	1477886	0.117768595041322	0.0514466730119518	0.496034404217166	2	1
AX-91553824	3	1477976	0.107438016528926	0.0024659778990574	0.97377406170353	2	1
AX-90794103	3	1478494	0.0888429752066116	-0.0566886948218238	0.440030913573557	2	1
AX-91405210	3	1478831	0.473140495867769	-0.0221486407942679	0.772206135474309	2	1
AX-91553828	3	1479029	0.0764462809917355	-0.0935610872371375	0.18399170567329	2	1
SNP264980	3	1479225	0.229338842975207	-0.101023626095516	0.179830448696783	T	G
SNP264981	3	1479236	0.229338842975207	-0.101023626095516	0.179830448696783	T	C
SNP264983	3	1479251	0.142561983471074	-0.105320780178581	0.150237175059938	T	C
SNP264984	3	1479256	0.347107438016529	0.172105448283289	0.0286540533513587	A	T
AX-90615524	3	1481437	0.144628099173554	-0.0993182210494852	0.179585720719092	2	1
SNP264986	3	1481595	0.283057851239669	-0.0974524885599588	0.171363364887637	T	G
SNP264989	3	1482036	0.322314049586777	-0.0782207608232422	0.283694759975145	T	G
SNP264990	3	1482075	0.31404958677686	-0.0358284930070576	0.63160032352454	C	G
AX-90615832	3	1482666	0.301652892561983	-0.0807083759299531	0.280035833340787	2	1
AX-90629785	3	1482790	0.268595041322314	-0.0764818737740829	0.308806664743549	2	1
AX-90794117	3	1484437	0.37603305785124	-0.0508491862609588	0.499865066638772	2	1
SNP264993	3	1535631	0.12603305785124	0.0797235295824601	0.248562634666701	C	T
SNP264994	3	1535638	0.12396694214876	0.0804888218249346	0.245841280763773	A	G
SNP264995	3	1535644	0.12396694214876	0.0804888218249346	0.245841280763773	C	T
SNP264996	3	1535676	0.0578512396694215	-0.0108115567794324	0.87476214181459	C	G
SNP264997	3	1535682	0.0950413223140496	0.158463004028765	0.0292749995103636	T	C
SNP265000	3	1535719	0.423553719008264	-0.0133109428158671	0.851146117316575	G	C
SNP265002	3	1535807	0.440082644628099	-0.030431637399008	0.667267943998728	G	A
SNP265003	3	1535808	0.0785123966942149	0.156022746393938	0.0307848631082438	A	G
SNP265005	3	1535831	0.264462809917355	-0.0407592070610892	0.583556511543205	A	C
SNP265006	3	1535832	0.264462809917355	-0.0407592070610892	0.583556511543205	T	A
SNP265007	3	1535840	0.268595041322314	-0.0287789766232204	0.698448297370769	A	G
SNP265009	3	1535879	0.411157024793388	0.017103511095926	0.806019983659618	A	T
SNP265010	3	1535880	0.409090909090909	0.00886310805070366	0.899279725933035	C	T
PZE-103000858	3	1535911	0.258264462809917	-0.0745515339920201	0.320707080822989	C	T
AX-90536806	3	1535911	0.260330578512397	-0.0727217968159154	0.330926063088444	2	1
AX-90623792	3	1536818	0.37396694214876	-0.0534862467031738	0.449457055039734	2	1
AX-90794128	3	1537922	0.382231404958678	-0.0230024255212363	0.757468703672595	1	2
AX-91414372	3	1538338	0.243801652892562	0.0143987516164616	0.844544395631918	2	1
AX-91414371	3	1538520	0.291322314049587	-0.0539905059896877	0.465614663632555	2	1
AX-90576590	3	1539137	0.351239669421488	0.0156514696860256	0.835749941072556	1	2
AX-90580760	3	1539220	0.130165289256198	0.027498734659157	0.698336522571409	2	1
SNP265012	3	1539517	0.25	0.0143613430445599	0.845835583758839	A	G
PZE-103000883	3	1539571	0.239669421487603	0.00876765481886656	0.904616418092416	A	G
AX-90536807	3	1539571	0.243801652892562	0.00962561762006652	0.895973178486508	2	1
AX-90638050	3	1539617	0.243801652892562	0.0143987516164616	0.844544395631918	2	1
AX-91442028	3	1539679	0.0867768595041322	0.0993038272710508	0.18951358328869	2	1
AX-90604523	3	1539849	0.272727272727273	-0.0203575003551847	0.78257174427269	2	1
SNP265016	3	1539849	0.264462809917355	-0.0139817193756432	0.849797223395098	G	A
SNP265018	3	1540066	0.363636363636364	0.0430407867044367	0.561728083046357	T	C
AX-90794138	3	1540680	0.491735537190083	-0.0244121509892348	0.74496309559996	1	2
AX-90794126	3	1540961	0.491735537190083	-0.0244121509892348	0.74496309559996	1	2
AX-90794122	3	1541001	0.378099173553719	-0.0235021165698219	0.752160060671009	1	2
AX-90626553	3	1541250	0.0764462809917355	0.00882797619747433	0.899217014927661	2	1
AX-90626554	3	1541566	0.0847107438016529	-0.0172945228946658	0.804587371522181	2	1
AX-91410598	3	1541605	0.454545454545455	-0.0437309343435524	0.55237006094396	2	1
AX-91443562	3	1541665	0.390495867768595	0.00363381017348522	0.960479795583399	1	2
AX-91407900	3	1541716	0.454545454545455	-0.0437309343435524	0.55237006094396	2	1
AX-91383829	3	1541750	0.349173553719008	0.0159831439635355	0.832384282229797	1	2
AX-90578965	3	1541791	0.491735537190083	-0.0581858147857352	0.43599626639557	2	1
AX-90603651	3	1541864	0.0847107438016529	-0.0172945228946658	0.804587371522181	2	1
AX-91383825	3	1541938	0.134297520661157	0.0493504666386008	0.491676867613473	2	1
AX-91553849	3	1542649	0.0867768595041322	-0.0138692066145061	0.844427501452524	2	1
AX-90794136	3	1542790	0.0847107438016529	-0.0172945228946658	0.804587371522181	2	1
AX-90584499	3	1542951	0.121900826446281	-0.0339696619069206	0.635131144099343	2	1
AX-91389169	3	1542995	0.15702479338843	0.0267230644347442	0.707948768454087	2	1
AX-90598484	3	1543065	0.0867768595041322	-0.0138692066145061	0.844427501452524	2	1
AX-90645369	3	1543222	0.0867768595041322	-0.0138692066145061	0.844427501452524	2	1
AX-91402887	3	1543236	0.37396694214876	-0.00730936920549897	0.92211788741239	1	2
AX-90598490	3	1543267	0.0867768595041322	-0.0138692066145061	0.844427501452524	2	1
SYN5834	3	1544269	0.287190082644628	-0.0467378928944563	0.527803228001591	T	C
AX-91376688	3	1544269	0.291322314049587	-0.0539905059896877	0.465614663632555	2	1
SYN5844	3	1544569	0.353305785123967	0.0190500244162671	0.799911060247458	A	C
AX-90571756	3	1544569	0.347107438016529	0.0115610882986291	0.878337626950215	1	2
AX-91405197	3	1544698	0.0743801652892562	0.107848420210279	0.154443208141249	2	1
SYN5840	3	1544933	0.369834710743802	-0.0383317441900789	0.608568602027625	A	G
SNP265024	3	1545058	0.247933884297521	0.0334751062705655	0.641441026858409	A	G
SNP265025	3	1545074	0.109504132231405	0.0560123971532714	0.438636245102164	T	C
SNP265026	3	1545104	0.330578512396694	0.0190817335548687	0.801726652856147	T	G
SNP265027	3	1545110	0.231404958677686	0.0216833826819007	0.750954092426608	A	G
PZE-103000909	3	1545365	0.363636363636364	0.0887981223469185	0.234996565243398	C	T
AX-90536808	3	1545365	0.363636363636364	0.0843119973177641	0.260453898863835	2	1
SNP265033	3	1545450	0.326446280991736	-0.0452730054972641	0.539816965702012	A	C
SNP265034	3	1545880	0.0619834710743802	0.00478570389002006	0.94469680112892	A	G
AX-91396960	3	1545946	0.318181818181818	-0.0235893935709228	0.752860596490106	1	2
AX-91396959	3	1546025	0.433884297520661	-0.0520863040677483	0.455541322281845	1	2
AX-91413162	3	1546165	0.0640495867768595	0.00897684391054706	0.89848930636633	1	2
PZE-103000924	3	1546384	0.357438016528926	-0.0821316482701775	0.268027469704448	C	A
AX-91341692	3	1546384	0.357438016528926	-0.0821316468971379	0.268027481926109	1	2
SNP265037	3	1546384	0.347107438016529	-0.0510779070063874	0.490241219635099	C	A
PZE-103000926	3	1546526	0.0578512396694215	-0.0741720883585059	0.297493001666727	A	G
AX-90536810	3	1546526	0.0578512396694215	-0.0741720883585063	0.297493001666697	2	1
AX-90794145	3	1546596	0.243801652892562	-0.0396290982406287	0.593410495580501	2	1
AX-90637302	3	1546775	0.266528925619835	0.000547986959389702	0.993963339872309	2	1
AX-90794154	3	1546829	0.227272727272727	0.0243255276016153	0.750270813460073	2	1
AX-91434589	3	1547048	0.18595041322314	-0.0183217846996591	0.814308138400448	2	1
AX-90794134	3	1547143	0.254132231404959	-0.039880301561256	0.586703725149413	2	1
AX-91407508	3	1547228	0.479338842975207	0.0222306873893837	0.772139796896789	2	1
AX-90794155	3	1547399	0.163223140495868	0.0460747435814912	0.555309809009798	2	1
AX-90794156	3	1547508	0.247933884297521	-0.016061993188052	0.835047904745205	2	1
SNP265038	3	1547508	0.357438016528926	0.0548665616040934	0.439512460163098	T	C
AX-90794157	3	1547972	0.483471074380165	0.0379279204094518	0.62202087330501	1	2
AX-90583659	3	1548371	0.225206611570248	0.0779753345284174	0.291933132397918	2	1
AX-91553846	3	1548809	0.336776859504132	0.0503111109943395	0.507053972713992	1	2
AX-90794127	3	1552313	0.305785123966942	0.0351500683183225	0.641914837517143	1	2
SYN6358	3	1552936	0.495867768595041	-0.0833565014218112	0.285738302889136	G	A
AX-90571946	3	1552936	0.489669421487603	-0.0880643278534828	0.254700430074326	2	1
AX-91404215	3	1553046	0.103305785123967	-0.262830354354239	0.000278533927511978	2	1
AX-90794143	3	1553091	0.293388429752066	0.0136876095913234	0.859508163008072	2	1
AX-90613919	3	1553181	0.487603305785124	0.0454210073936866	0.54888200638168	1	2
SNP265044	3	1553288	0.0909090909090909	0.179693948346486	0.0147773023529179	C	T
SNP265045	3	1553309	0.0909090909090909	0.179693948346486	0.0147773023529179	C	T
AX-91451342	3	1553319	0.347107438016529	-0.114538895704163	0.116829747994614	2	1
SNP265046	3	1553319	0.34297520661157	-0.0807893217683371	0.261650902382552	T	G
SNP265047	3	1553403	0.12396694214876	0.0605155280955193	0.41129968989794	G	A
AX-91451343	3	1553580	0.307851239669421	0.121524616460021	0.0901019531316349	2	1
AX-91423644	3	1554092	0.380165289256198	-0.127743832883791	0.0641174832614387	1	2
AX-90571944	3	1554135	0.382231404958678	-0.129957670636016	0.0599510170383842	1	2
AX-91437401	3	1554178	0.144628099173554	0.0656953685576525	0.374331600109576	2	1
AX-91409674	3	1554902	0.394628099173554	-0.160925492846639	0.020482681740275	1	2
SYN6355	3	1554959	0.384297520661157	-0.14254117956968	0.0388041728910882	A	G
AX-90571945	3	1554959	0.388429752066116	-0.144598182235336	0.0364940458109727	1	2
AX-91429530	3	1555093	0.115702479338843	0.0335445584766546	0.658212109011067	2	1
AX-91429528	3	1555139	0.175619834710744	0.126303990354762	0.0791571299625396	2	1
AX-90611575	3	1555289	0.464876033057851	0.114634083682572	0.112062320886775	2	1
SNP265052	3	1555815	0.28099173553719	0.0153262082180928	0.831051296455961	G	T
SNP265053	3	1555816	0.28099173553719	0.0153262082180928	0.831051296455961	T	G
SNP265058	3	1559941	0.297520661157025	0.127163775411031	0.0783332737369898	T	C
AX-90794133	3	1560323	0.305785123966942	-0.0219046679691185	0.76703663589949	1	2
SNP265065	3	1563355	0.12396694214876	-0.00911843400749877	0.904172743683629	A	G
AX-90794140	3	1564931	0.489669421487603	-0.073088090313707	0.331763068552553	2	1
AX-91213231	3	1566896	0.192148760330579	-0.00366598497760955	0.960791674990592	1	2
SNP265066	3	1567137	0.31198347107438	0.0827011964519578	0.252895917028214	A	G
SNP265067	3	1567139	0.264462809917355	-0.122107766962217	0.10757174251984	T	A
SNP265068	3	1567156	0.31404958677686	0.0697283401441361	0.337475783314039	C	T
SNP265069	3	1567158	0.415289256198347	0.0400723828044274	0.603097678617992	A	G
SNP265070	3	1567165	0.31404958677686	0.0697283401441361	0.337475783314039	C	T
SNP265071	3	1567167	0.31404958677686	0.0697283401441361	0.337475783314039	G	A
AX-91553854	3	1567181	0.216942148760331	0.0291752982098389	0.68710964529068	2	1
AX-91213229	3	1568106	0.216942148760331	0.0291752982098389	0.68710964529068	2	1
SNP265078	3	1568429	0.148760330578512	0.0130502118557868	0.857684827777259	C	T
SNP265079	3	1568467	0.21900826446281	0.0487386610939999	0.494407411597957	G	A
SNP265082	3	1568513	0.347107438016529	-0.00985784653260874	0.898254609339538	T	C
SNP265085	3	1568536	0.171487603305785	-0.0557599321818645	0.439544558779726	G	T
SNP265086	3	1568546	0.421487603305785	0.00317362792043249	0.964619524067242	A	T
SNP265087	3	1568572	0.493801652892562	-0.0254979413227428	0.725227169729446	C	T
SNP265088	3	1568581	0.202479338842975	0.00452466689609201	0.949524752501024	A	G
SNP265095	3	1571464	0.464876033057851	0.0149251845303941	0.837941223207235	T	G
SNP265096	3	1571470	0.477272727272727	0.0302989104799213	0.678449504188009	T	C
SNP265099	3	1571594	0.165289256198347	0.00371046940733848	0.960646097086801	T	C
SNP265111	3	1571703	0.431818181818182	-0.0641032002200485	0.408026575127403	G	A
SNP265113	3	1571835	0.0867768595041322	0.087921478324573	0.239961502580625	C	G
SNP265114	3	1571842	0.128099173553719	0.0145408492325079	0.847719554471777	A	G
AX-91553852	3	1572661	0.435950413223141	-0.0437631165431589	0.536363153244861	2	1
AX-90794121	3	1572889	0.435950413223141	-0.0437631165431589	0.536363153244861	2	1
AX-90794141	3	1573189	0.324380165289256	-0.0569224486739103	0.447532181316015	2	1
AX-90794153	3	1573301	0.318181818181818	-0.0613995878072433	0.411299860493883	2	1
AX-91553845	3	1573383	0.435950413223141	-0.0437631165431589	0.536363153244861	2	1
AX-91553842	3	1573798	0.431818181818182	-0.0340823916131416	0.630218337853787	2	1
AX-90794147	3	1574231	0.115702479338843	-0.0704110488078088	0.347127012878716	2	1
AX-90794131	3	1574625	0.115702479338843	-0.000809552003261767	0.99088143386706	2	1
AX-90794151	3	1576666	0.427685950413223	-0.0483349782486982	0.492280415634753	2	1
AX-90794129	3	1577320	0.111570247933884	0.00649230053574514	0.926865127064831	2	1
SNP265122	3	1591296	0.268595041322314	0.00372693568393998	0.960074100463554	T	G
SNP265123	3	1591299	0.324380165289256	-0.0539152335439641	0.471747210675158	C	A
SNP265125	3	1591322	0.181818181818182	0.101696473066489	0.15277108708452	C	T
SNP265126	3	1591330	0.268595041322314	0.00372693568393998	0.960074100463554	T	G
SNP265127	3	1591347	0.256198347107438	-0.00975404454183596	0.89578827523084	C	G
SNP265128	3	1591349	0.256198347107438	-0.00975404454183596	0.89578827523084	G	A
SNP265129	3	1591350	0.256198347107438	-0.00975404454183596	0.89578827523084	G	T
SNP265130	3	1591351	0.256198347107438	-0.00975404454183596	0.89578827523084	C	T
SNP265131	3	1591353	0.256198347107438	-0.00975404454183596	0.89578827523084	A	C
SNP265132	3	1591354	0.256198347107438	-0.00975404454183596	0.89578827523084	T	A
SNP265133	3	1591388	0.256198347107438	-0.00975404454183596	0.89578827523084	A	G
SNP265134	3	1591396	0.152892561983471	-0.0774277803922558	0.314126064291152	C	G
AX-90794130	3	1591448	0.413223140495868	-0.00988644893772702	0.88836370641597	2	1
AX-90794150	3	1591797	0.347107438016529	0.0870047890043302	0.226970512875897	1	2
AX-90794132	3	1591964	0.264462809917355	-0.047512579311422	0.535842118217833	2	1
AX-91553844	3	1591989	0.462809917355372	0.03012938965385	0.673375964895879	1	2
AX-90794142	3	1592507	0.109504132231405	-0.0745904526831971	0.355552598892415	2	1
AX-91553851	3	1592703	0.268595041322314	0.0395156777955891	0.597494562323225	2	1
SNP265136	3	1596922	0.442148760330579	-0.0237428353076054	0.735598535277431	C	G
SNP265137	3	1596928	0.198347107438017	0.0195311915866629	0.786722369618099	C	G
SNP265139	3	1597208	0.0661157024793388	-0.156179016082386	0.0312243621118484	T	C
SNP265140	3	1597210	0.0805785123966942	-0.202081404781649	0.00424807631545541	A	G
SNP265141	3	1597211	0.0785123966942149	-0.20285842857667	0.00395703706607743	C	T
SNP265142	3	1597214	0.380165289256198	-0.0681569897904512	0.391831741686037	G	C
SNP265145	3	1597267	0.231404958677686	0.0203329291734798	0.78344747727804	G	C
SNP265152	3	1597356	0.0537190082644628	0.0235231423167134	0.746454230620077	T	C
AX-90794139	3	1598639	0.0557851239669422	-0.0801070012617003	0.260702326064095	2	1
SNP265165	3	1598962	0.491735537190083	0.124667085052491	0.0925783300119903	C	G
SNP265167	3	1599018	0.491735537190083	0.124667085052491	0.0925783300119903	A	C
SNP265183	3	1601303	0.0619834710743802	0.0665182537294509	0.363027592709791	C	T
AX-90794173	3	1601384	0.198347107438017	-0.129121287230082	0.0836009434945354	2	1
AX-90794186	3	1601691	0.276859504132231	0.00820628968875224	0.913337861561252	2	1
AX-90794170	3	1601812	0.278925619834711	0.0107253772831738	0.886764579379035	2	1
AX-90794169	3	1601857	0.297520661157025	0.0313733721348611	0.674538529949394	2	1
AX-91389098	3	1602110	0.353305785123967	0.0143441792747584	0.843526061277656	2	1
AX-90584414	3	1602164	0.425619834710744	-0.0157860723501217	0.829686958426767	2	1
SNP265187	3	1602274	0.260330578512397	-0.0314033485155683	0.676808160011651	T	G
AX-90636347	3	1602785	0.400826446280992	-0.0280073957695166	0.690955298981538	2	1
PZE-103001177	3	1602872	0.0991735537190083	-0.0789656121613338	0.293125771310017	T	C
AX-90536811	3	1602872	0.111570247933884	-0.0878369512589314	0.243120683553282	2	1
SNP265192	3	1602872	0.0950413223140496	-0.0768235185043987	0.306158971134248	T	C
AX-90584416	3	1602965	0.111570247933884	-0.0878369512589314	0.243120683553282	2	1
AX-91389099	3	1602986	0.0826446280991736	-0.0878523464749416	0.277000676878374	2	1
AX-91389094	3	1603020	0.111570247933884	-0.0878369512589314	0.243120683553282	2	1
AX-90636326	3	1603051	0.227272727272727	-0.0804132836926516	0.275087326491086	2	1
AX-91449829	3	1603073	0.227272727272727	-0.0804132836926516	0.275087326491086	2	1
SNP265195	3	1603166	0.260330578512397	-0.0737465656139402	0.312852623687503	C	T
AX-91449831	3	1603262	0.181818181818182	-0.0432451179109018	0.577448238475459	2	1
AX-90646006	3	1603546	0.0785123966942149	-0.0787150289969898	0.314002941949044	2	1
AX-90794184	3	1603830	0.140495867768595	-0.000995262204568764	0.989665650712405	2	1
SNP265196	3	1603830	0.140495867768595	-0.000995271596850827	0.989665552922311	G	T
AX-90794172	3	1603872	0.140495867768595	-0.000995262204568764	0.989665650712405	2	1
SNP265197	3	1603872	0.140495867768595	-0.000995271596850827	0.989665552922311	A	G
SNP265198	3	1604015	0.0785123966942149	-0.0621535977076546	0.406058365299808	G	T
AX-91553865	3	1606119	0.0826446280991736	-0.0427380106760125	0.566852449159009	2	1
AX-90794159	3	1610424	0.283057851239669	0.00173619172974939	0.982072959011523	2	1
AX-90794175	3	1610529	0.190082644628099	0.107089830270081	0.147149857142284	1	2
AX-91213233	3	1610614	0.316115702479339	-0.0185080376501473	0.805262815365848	2	1
SNP265199	3	1610877	0.0929752066115702	-0.0897332563800308	0.234014119127151	A	G
SNP265200	3	1610903	0.0950413223140496	-0.079804038504245	0.294796551368378	T	C
AX-91432739	3	1611006	0.394628099173554	-0.0542907978327785	0.476038105493596	2	1
SNP265207	3	1611104	0.103305785123967	-0.102803695248765	0.180227114455389	A	C
AX-90642779	3	1611156	0.264462809917355	0.0550138221354507	0.476394476794123	2	1
SNP265208	3	1611156	0.18595041322314	0.0141671500481234	0.853135039926789	A	C
AX-90637139	3	1611514	0.212809917355372	0.105491022908988	0.147192346531094	1	2
AX-90637138	3	1611626	0.359504132231405	-0.0227842106147501	0.755807559011613	1	2
AX-91441085	3	1611628	0.359504132231405	-0.0227842106147501	0.755807559011613	1	2
AX-91391951	3	1611876	0.460743801652893	-0.0553992374186409	0.475345531809812	1	2
AX-91380556	3	1612018	0.270661157024793	-0.0575100861755058	0.436524383153953	1	2
AX-91413417	3	1612121	0.396694214876033	4.96221707134083e-05	0.999458949741519	2	1
AX-91413415	3	1612289	0.411157024793388	0.00618808349577992	0.933471367559691	2	1
AX-91413416	3	1612402	0.144628099173554	-0.0454440924440956	0.558005840537747	2	1
AX-90794176	3	1612547	0.132231404958678	-0.00765055602133458	0.918084429190416	2	1
SNP265210	3	1613031	0.0743801652892562	0.0920661972931049	0.20283084805439	G	C
SNP265219	3	1613076	0.0909090909090909	0.0539930810964266	0.44223620180831	C	T
AX-90794165	3	1613148	0.444214876033058	0.0136916723427142	0.852155986014654	2	1
SNP265220	3	1613148	0.386363636363636	0.0165438812496448	0.824009069804549	G	C
AX-91448999	3	1613362	0.0888429752066116	-0.0519132470764923	0.48636555534455	2	1
SNP265224	3	1613362	0.0619834710743802	-0.0294063761524494	0.673186341821027	A	G
SNP265225	3	1613904	0.0723140495867769	0.0120100397587716	0.881814121531525	T	C
SNP265228	3	1613920	0.152892561983471	-0.0442447646790726	0.530421899326651	C	G
SNP265229	3	1615510	0.34297520661157	0.0141586558892967	0.845821920750525	A	G
SNP265230	3	1615513	0.144628099173554	-0.00811316671497753	0.915497920074055	A	G
SNP265232	3	1615534	0.268595041322314	-0.0153784712994704	0.826960241834375	G	A
AX-90794183	3	1616301	0.464876033057851	0.0662488080973753	0.398537534220917	1	2
SNP265237	3	1616301	0.495867768595041	0.0482884747235226	0.539114326384862	C	T
AX-90585398	3	1616500	0.132231404958678	-0.0697142198209278	0.399258078927141	2	1
SNP265238	3	1628679	0.109504132231405	-0.0850588041880243	0.24074583399129	A	G
SNP265239	3	1628692	0.338842975206612	0.133773244567037	0.0946154795497354	G	C
SNP265240	3	1628695	0.109504132231405	-0.0850588041880243	0.24074583399129	C	T
SNP265241	3	1628709	0.237603305785124	-0.0128333236266143	0.871908168614705	A	T
SNP265242	3	1628722	0.140495867768595	0.0148535353597535	0.848341747900695	T	C
AX-91553856	3	1628724	0.322314049586777	0.129722933867366	0.113086032931834	1	2
SNP265243	3	1628724	0.338842975206612	0.133773244567037	0.0946154795497354	A	T
AX-90794160	3	1628757	0.318181818181818	0.140832850212094	0.0854058444694194	1	2
AX-90794162	3	1629024	0.322314049586777	0.129722933867366	0.113086032931834	1	2
AX-91553858	3	1629125	0.322314049586777	0.1473224447531	0.0740748130460966	1	2
SNP265249	3	1629597	0.159090909090909	-0.0347130452874703	0.634449161599627	C	G
SNP265250	3	1629603	0.159090909090909	-0.0347130452874703	0.634449161599627	A	C
SNP265252	3	1629978	0.0826446280991736	0.00549376903578457	0.935291445354717	T	G
SNP265263	3	1630509	0.285123966942149	0.0701805748779131	0.370685141874798	C	G
SNP265268	3	1630891	0.18801652892562	-0.00438863162824232	0.949770509363381	G	C
SNP265269	3	1630896	0.495867768595041	0.00244669196339435	0.972451516868715	C	T
PZA00134.12	3	1631019	0.105371900826446	-0.00138737309686875	0.984464710405835	A	G
AX-90527344	3	1631019	0.105371900826446	-0.041420739263978	0.559947955226133	2	1
SNP265276	3	1631019	0.0929752066115702	-0.05349201496109	0.447247695478827	A	G
SNP265280	3	1631077	0.0826446280991736	-0.111144074398615	0.116707182073107	T	G
AX-90794167	3	1631866	0.134297520661157	-0.0408114567735601	0.572508475986698	2	1
SNP265285	3	1633236	0.297520661157025	0.0405954597391837	0.573188313005372	C	G
SNP265286	3	1633239	0.297520661157025	0.0405954597391837	0.573188313005372	C	G
SNP265287	3	1633277	0.322314049586777	-0.182270475918484	0.0123372925433522	G	C
SNP265289	3	1633316	0.433884297520661	0.156741842221928	0.0326505362012636	C	G
SNP265290	3	1633331	0.0950413223140496	0.008687128398941	0.908646658264209	G	C
SNP265291	3	1633355	0.334710743801653	-0.168992798736765	0.021870272176142	C	G
SNP265292	3	1633512	0.0909090909090909	0.18417292692662	0.00835609037144905	T	G
AX-90794181	3	1673431	0.0991735537190083	0.00838206320663295	0.91078930321817	2	1
AX-90627329	3	1673604	0.266528925619835	-0.035303189004886	0.634997780783422	2	1
PZE-103001291	3	1673703	0.212809917355372	0.0483389919320005	0.528201474813573	T	C
AX-90536813	3	1673703	0.216942148760331	0.0682300289139068	0.368225061110662	2	1
SNP265307	3	1673703	0.169421487603306	0.126257941842285	0.0822943734257503	A	G
AX-90604676	3	1674412	0.270661157024793	0.0773549555282223	0.324500914954582	2	1
AX-91553870	3	1675547	0.336776859504132	0.0504920372099622	0.507335494256432	2	1
AX-90794180	3	1675740	0.309917355371901	0.0133507897675756	0.859580228671887	2	1
AX-91213234	3	1675973	0.338842975206612	0.11911401561608	0.110226884808654	2	1
AX-90645997	3	1676167	0.183884297520661	0.0586354088665227	0.439581992413058	2	1
AX-91553860	3	1676232	0.0723140495867769	-0.0667017504308025	0.351004474291054	2	1
AX-90794178	3	1676404	0.167355371900826	0.0384700755132958	0.605473174684615	2	1
AX-91553863	3	1676698	0.115702479338843	-0.0423363937252045	0.557505308806707	2	1
AX-91213236	3	1677361	0.243801652892562	0.047814554672374	0.539461658700858	2	1
SNP265313	3	1678064	0.0867768595041322	0.0619505196411469	0.429574308159877	T	G
SNP265323	3	1683199	0.15702479338843	0.141286665794275	0.0620768808994568	A	G
SNP265325	3	1683242	0.239669421487603	0.132218003393905	0.0745359681936082	G	A
SNP265326	3	1683243	0.239669421487603	0.132218003393905	0.0745359681936082	A	T
SNP265327	3	1683245	0.235537190082645	0.12643526433588	0.0880165317789848	A	T
SNP265328	3	1683246	0.252066115702479	0.117525826465393	0.11437807815689	C	T
SNP265332	3	1683266	0.0743801652892562	0.0416282850488462	0.565007105636411	G	C
SNP265334	3	1683291	0.0743801652892562	0.0416282850488462	0.565007105636411	C	T
SNP265335	3	1683293	0.0743801652892562	0.0416282850488462	0.565007105636411	A	C
AX-91553872	3	1683673	0.5	0.15367767309396	0.0497583531476686	1	2
AX-91553862	3	1684308	0.239669421487603	-0.265359858332954	0.000643722811382163	2	1
AX-90595184	3	1684736	0.247933884297521	0.173754499233811	0.0199773420837807	1	2
AX-91432764	3	1684877	0.239669421487603	0.170106344178787	0.0244931638742387	1	2
AX-90628840	3	1684962	0.429752066115702	-0.12892239696763	0.0735975897409533	2	1
AX-90642807	3	1685030	0.231404958677686	0.194957291139644	0.00961406341168583	1	2
AX-91553869	3	1686051	0.0991735537190083	0.0527552691993027	0.47437605486734	2	1
AX-90794185	3	1686165	0.31198347107438	-0.200697080307996	0.00871130466139126	2	1
AX-91416629	3	1686709	0.287190082644628	-0.22127272413491	0.00349507655198829	2	1
PUT-163a-71320057-3160	3	1686795	0.458677685950413	0.171684528333178	0.0212220429252044	G	A
AX-91331561	3	1686795	0.464876033057851	0.179916389116934	0.0161289762797396	1	2
SNP265340	3	1687981	0.0578512396694215	0.0203804382845792	0.769709413096362	A	G
SNP265341	3	1687988	0.0578512396694215	0.0203804382845792	0.769709413096362	T	C
SNP265342	3	1687989	0.0578512396694215	0.0203804382845792	0.769709413096362	T	C
SNP265343	3	1687990	0.0578512396694215	0.0203804382845792	0.769709413096362	G	T
SNP265344	3	1687997	0.0578512396694215	0.0203804382845792	0.769709413096362	A	G
AX-91553859	3	1688208	0.107438016528926	0.0168759642421615	0.823675216524289	2	1
SNP265345	3	1690494	0.247933884297521	-0.0933969729666685	0.202736511044968	G	A
SNP265348	3	1690531	0.247933884297521	-0.0933969729666685	0.202736511044968	C	G
SNP265350	3	1690669	0.0619834710743802	0.0625823842814426	0.33583234439594	G	A
AX-91847038	3	1690673	0.111570247933884	-0.0381039591015821	0.600351889947563	2	1
SNP265351	3	1690673	0.0702479338842975	0.0896711316387408	0.175297157131382	G	A
SNP265354	3	1690739	0.0661157024793388	0.0616673247448061	0.351262472154669	C	A
AX-90612019	3	1690781	0.0847107438016529	0.0805958708745034	0.230768545562206	2	1
SNP265355	3	1690805	0.369834710743802	0.10620808711309	0.15671884989349	T	A
SNP265359	3	1690944	0.475206611570248	0.0942875555524935	0.199299980016178	G	C
SNP265360	3	1690966	0.247933884297521	0.0575236580932862	0.430930017191978	T	C
SNP265361	3	1691408	0.103305785123967	0.0560169244024693	0.450761640239212	G	A
AX-90583415	3	1691443	0.21900826446281	0.0257063728092755	0.72692170564548	2	1
SNP265362	3	1691443	0.235537190082645	0.015632177558641	0.829480745012854	G	T
AX-91388172	3	1691507	0.272727272727273	-0.0334297461040255	0.643476392615031	2	1
SNP265367	3	1691708	0.301652892561983	-0.0471137019611138	0.514962603462546	C	A
AX-91383285	3	1691741	0.0909090909090909	0.00506717939062766	0.946525940692994	2	1
SNP265369	3	1691847	0.34297520661157	-0.0338664554143458	0.641365104396415	T	C
SNP265370	3	1691855	0.0909090909090909	0.0709882509939766	0.349015476066249	T	C
SNP265372	3	1692122	0.109504132231405	0.071788674505138	0.308181777586973	C	A
PZE-103001192	3	1692738	0.351239669421488	0.126937874648781	0.0785774524161152	T	C
AX-90536812	3	1692738	0.351239669421488	0.126938023729636	0.078577162461671	1	2
AX-91213235	3	1694135	0.15702479338843	0.0822214579670333	0.274946706996331	2	1
AX-91213238	3	1709622	0.12396694214876	0.100514798941042	0.178147834461139	2	1
SNP265375	3	1709682	0.107438016528926	-0.0407516107628892	0.603941512793769	A	C
SNP265376	3	1709685	0.0537190082644628	-0.137656638654745	0.054527491971148	G	A
SNP265377	3	1709695	0.0537190082644628	-0.137656638654745	0.054527491971148	G	C
SNP265378	3	1709701	0.107438016528926	-0.0407516107628892	0.603941512793769	A	C
SNP265379	3	1709702	0.107438016528926	-0.0407516107628892	0.603941512793769	A	T
SNP265380	3	1709704	0.107438016528926	-0.0407516107628892	0.603941512793769	A	T
SNP265381	3	1709705	0.107438016528926	-0.0407516107628892	0.603941512793769	A	C
SNP265382	3	1709706	0.107438016528926	-0.0407516107628892	0.603941512793769	A	C
SNP265383	3	1709708	0.107438016528926	-0.0407516107628892	0.603941512793769	A	G
SNP265384	3	1709709	0.107438016528926	-0.0407516107628892	0.603941512793769	T	G
AX-90794202	3	1710009	0.148760330578512	-0.0222816705529557	0.769135179795879	2	1
AX-91213240	3	1711009	0.152892561983471	-0.0643372466508214	0.365281814407097	2	1
AX-90794204	3	1711419	0.256198347107438	0.0486173441906715	0.505502385130343	1	2
AX-90794205	3	1711729	0.214876033057851	0.145323314327987	0.0515712150806958	1	2
SNP265388	3	1711729	0.206611570247934	0.188649479515164	0.0109961197943303	G	C
SNP265392	3	1711747	0.34504132231405	-0.0333103802245399	0.656625993449287	T	G
SNP265401	3	1711769	0.34504132231405	-0.0333103802245399	0.656625993449287	G	C
SNP265406	3	1711822	0.0764462809917355	-0.100962879016307	0.167236819175687	G	T
SNP265407	3	1711851	0.452479338842975	0.0814875858990942	0.276617416289076	C	A
SNP265408	3	1711852	0.442148760330579	0.0827212749067274	0.273366578436497	A	C
SNP265409	3	1711857	0.40702479338843	0.0486408165450823	0.523521520061635	A	G
SNP265411	3	1711868	0.475206611570248	0.106386254781903	0.153961442549754	G	C
SNP265413	3	1711898	0.115702479338843	0.0627972501827625	0.394389354249573	G	C
SNP265417	3	1712242	0.0743801652892562	0.139773952996519	0.0511826151354221	A	T
SNP265418	3	1712247	0.0743801652892562	0.139773952996519	0.0511826151354221	A	C
SNP265429	3	1712270	0.318181818181818	-0.0959440963640922	0.198217796302551	C	G
AX-90794190	3	1712963	0.159090909090909	-0.0510761236147876	0.509539488707849	2	1
SNP265431	3	1713644	0.0785123966942149	0.110389738167478	0.15725388580391	A	C
SYNGENTA16192	3	1713720	0.229338842975207	0.0302922243067188	0.700603795477773	T	C
SNP265432	3	1713763	0.235537190082645	0.116650228857396	0.109664295337255	C	T
SNP265434	3	1713785	0.390495867768595	-0.0743510044305826	0.304549649459535	T	G
AX-91553878	3	1714650	0.40702479338843	0.0154163045081801	0.846905463968654	2	1
PZE-103001531	3	1715669	0.274793388429752	0.117495097219332	0.124267589356609	A	G
AX-91553876	3	1717213	0.0661157024793388	-0.159475939453453	0.0394242205078854	2	1
AX-90794197	3	1718172	0.396694214876033	-0.085160993843395	0.211042034379609	2	1
AX-90794195	3	1718654	0.28099173553719	0.116180280592021	0.129106302494279	2	1
AX-91553886	3	1718681	0.107438016528926	-0.107341278842414	0.157186335264974	2	1
SNP265439	3	1721348	0.0557851239669422	-0.181506837798618	0.0139748319329782	T	A
SNP265442	3	1721374	0.369834710743802	-0.0344967724387567	0.637377390923303	C	T
SNP265444	3	1721393	0.390495867768595	-0.0802309199967076	0.232311867572717	T	G
SNP265445	3	1721394	0.293388429752066	0.0826342070655363	0.279576155653339	A	G
SNP265450	3	1721618	0.0619834710743802	-0.147601564384904	0.0345996056779143	G	A
SNP265452	3	1721621	0.229338842975207	0.104427032726713	0.14609744880321	A	C
SNP265454	3	1721803	0.0537190082644628	-0.177491521610101	0.0135222016887499	T	C
SNP265455	3	1721814	0.0537190082644628	-0.177491521610101	0.0135222016887499	T	C
SNP265457	3	1721823	0.231404958677686	0.107606851061393	0.139364848621019	A	G
AX-90794210	3	1722063	0.171487603305785	0.12450859882097	0.100806069535588	2	1
AX-90794192	3	1722517	0.485537190082645	-0.0640310707956685	0.367921106566046	2	1
SNP265461	3	1722714	0.0702479338842975	-0.238072937620747	0.00186512066965145	G	A
SNP265463	3	1722828	0.0743801652892562	-0.209579697974181	0.00577433677069751	A	T
AX-90794216	3	1723155	0.0661157024793388	-0.159475939453453	0.0394242205078854	2	1
AX-91400469	3	1724181	0.502066115702479	0.0563588156003448	0.424695133063946	1	2
AX-90794194	3	1724214	0.177685950413223	0.129547769099959	0.0922528751509017	2	1
SNP265470	3	1724748	0.202479338842975	-0.0672531066447234	0.38473135562414	T	C
SNP265471	3	1724790	0.413223140495868	0.0993210057698606	0.167062447501774	A	G
AX-90577076	3	1725644	0.194214876033058	0.0758643377625396	0.334665039459086	2	1
SNP265473	3	1725853	0.460743801652893	0.100301400460695	0.168915053696428	G	T
AX-91396602	3	1725856	0.466942148760331	0.1058243068049	0.150133467552496	1	2
SNP265474	3	1725856	0.460743801652893	0.100301400460695	0.168915053696428	T	C
AX-90621682	3	1726738	0.214876033057851	-0.0159628089906879	0.836783328355763	2	1
SNP265480	3	1726738	0.21900826446281	0.00311890843686992	0.96798567667578	C	T
AX-90794209	3	1731181	0.355371900826446	0.034186064633539	0.643111149370351	2	1
SNP265502	3	1732088	0.190082644628099	-0.0422589311096672	0.578397609689439	C	G
SNP265503	3	1732089	0.190082644628099	-0.0422589311096672	0.578397609689439	A	C
AX-91411674	3	1732135	0.183884297520661	-0.0424772497113153	0.577116734604199	2	1
SNP265504	3	1732173	0.0785123966942149	0.0147554115552102	0.851885814349838	T	C
SNP265505	3	1732176	0.0785123966942149	0.0147554115552102	0.851885814349838	T	C
SNP265506	3	1732191	0.0495867768595041	0.138066821293236	0.0604985080328294	T	A
SNP265507	3	1732194	0.0495867768595041	0.138066821293236	0.0604985080328294	G	T
SNP265508	3	1732198	0.0495867768595041	0.138066821293236	0.0604985080328294	G	A
SNP265509	3	1732199	0.0495867768595041	0.138066821293236	0.0604985080328294	T	C
SNP265510	3	1732212	0.0495867768595041	0.138066821293236	0.0604985080328294	C	T
AX-90581333	3	1732228	0.18801652892562	-0.0611885440766	0.420031053987597	2	1
AX-90794220	3	1732748	0.0723140495867769	-0.0155710869843306	0.841374697071649	2	1
AX-90794218	3	1766990	0.0743801652892562	-0.0323625960786156	0.680173833392868	2	1
SNP265518	3	1768123	0.0661157024793388	0.0352337883624118	0.647122111596691	A	T
AX-91553883	3	1768144	0.252066115702479	0.0477749261119035	0.542214675382545	2	1
SNP265519	3	1768144	0.256198347107438	0.0436200310381972	0.579925066388942	C	T
SNP265527	3	1769076	0.173553719008264	0.0566042073890044	0.459001478760489	A	C
AX-90794217	3	1769981	0.0743801652892562	-0.0189212425400249	0.808109749967902	2	1
AX-90794201	3	1770194	0.247933884297521	0.0744665226223939	0.342791348043803	2	1
AX-90794219	3	1770589	0.25	0.0576088184581848	0.461273010989156	2	1
AX-91213237	3	1771080	0.25	0.0576088184581848	0.461273010989156	2	1
AX-91553882	3	1771610	0.0743801652892562	-0.0189212425400249	0.808109749967902	2	1
AX-91428771	3	1771774	0.0743801652892562	-0.0189212425400249	0.808109749967902	2	1
SNP265529	3	1772240	0.194214876033058	0.0706605747057289	0.356598765062601	A	T
AX-91415033	3	1772521	0.0743801652892562	-0.0189212425400249	0.808109749967902	2	1
AX-90610818	3	1772992	0.0723140495867769	-0.0155710869843306	0.841374697071649	2	1
PZE-103001622	3	1773319	0.0723140495867769	-0.0155710869843307	0.841374697071648	A	G
AX-90536819	3	1773319	0.0743801652892562	-0.0189212425400249	0.808109749967902	2	1
SNP265536	3	1773452	0.0578512396694215	0.090538435972106	0.234426202583693	C	T
SNP265542	3	1773500	0.0537190082644628	0.11898181803431	0.123432818634213	A	G
SNP265547	3	1773564	0.256198347107438	0.0429589173184917	0.586509589652544	G	T
AX-91451444	3	1774727	0.0723140495867769	-0.0155710869843306	0.841374697071649	2	1
AX-90794211	3	1775319	0.0764462809917355	-0.0448446171674421	0.561382015864835	2	1
AX-91553885	3	1775648	0.276859504132231	0.0878536253971066	0.244300710873493	2	1
PZE-103001626	3	1775697	0.276859504132231	0.0878536820234592	0.244300409687398	C	A
AX-90536820	3	1775697	0.274793388429752	0.0806966544300468	0.285688561127524	2	1
SNP265550	3	1775697	0.272727272727273	0.0774727339062662	0.303326137560938	C	A
SNP265553	3	1775720	0.0971074380165289	0.0770910746719058	0.282381483259195	C	T
SNP265554	3	1775728	0.0929752066115702	0.0936329321141585	0.191303860218057	G	A
SNP265563	3	1845669	0.165289256198347	0.0288717499071561	0.704246758666979	T	C
SNP265564	3	1845672	0.359504132231405	-0.0262380808397754	0.73992482649137	G	C
SNP265566	3	1845714	0.396694214876033	-0.0633011941292016	0.412123341846044	G	C
AX-91836818	3	1848024	0.148760330578512	0.113285568330166	0.14898576375577	2	1
AX-90582895	3	1848088	0.181818181818182	-0.153316481421005	0.0295476277352202	2	1
AX-91387686	3	1848091	0.177685950413223	-0.144249893723201	0.04172788517232	2	1
SNP265576	3	1848414	0.367768595041322	-0.0478149437985354	0.509297247272911	T	C
SNP265581	3	1848499	0.0516528925619835	0.00535532658774194	0.935258448766598	T	G
AX-91553898	3	1851247	0.15702479338843	-0.171666752505344	0.0207592594586354	2	1
SNP265583	3	1851247	0.159090909090909	-0.164995389129316	0.0258857088554762	A	G
SYN13532	3	1851914	0.252066115702479	-0.170354627366441	0.0211193188956682	T	C
AX-90562168	3	1851914	0.241735537190083	-0.178854777697653	0.0133784028319982	2	1
AX-91385927	3	1852126	0.144628099173554	-0.269050535633495	0.000270817931066667	2	1
SNP265584	3	1852151	0.0537190082644628	0.0681834362043916	0.368197583564151	G	C
AX-90580995	3	1852195	0.208677685950413	0.103022142111048	0.158398346033922	2	1
SYN13533	3	1852210	0.115702479338843	-0.0180590352682936	0.819645611697274	T	C
AX-91367090	3	1852210	0.111570247933884	-0.00627037577441432	0.936226364935707	2	1
SNP265585	3	1852219	0.0867768595041322	0.0920186273949527	0.232112368830118	G	A
AX-90580999	3	1852254	0.109504132231405	0.0751124606480387	0.287906201714409	2	1
SNP265587	3	1852254	0.109504132231405	0.0850844179018277	0.217567678932906	T	C
SYN13535	3	1852282	0.117768595041322	-0.0123421916858485	0.875919838143488	T	G
AX-90562171	3	1852282	0.113636363636364	-0.0149999531382116	0.849538332456126	2	1
SNP265591	3	1852341	0.367768595041322	0.0171953424154411	0.806602673262361	A	G
SNP265592	3	1852343	0.15495867768595	-0.0284783679738989	0.671233451462987	A	C
SNP265593	3	1852357	0.491735537190083	0.00708623746859597	0.92225616792663	A	G
SYN13534	3	1852756	0.297520661157025	0.121285474347091	0.126147939208719	T	C
AX-90562170	3	1852756	0.293388429752066	0.118165636656903	0.1345186994969	2	1
AX-90636495	3	1852879	0.456611570247934	0.0461100031040678	0.542532299272176	1	2
AX-90794232	3	1853135	0.421487603305785	0.116754605478321	0.137124183230437	2	1
AX-91426622	3	1853306	0.417355371900826	0.114393815960656	0.144889049116886	2	1
AX-90794243	3	1853349	0.419421487603306	0.121460552105587	0.121039306069384	2	1
AX-91412778	3	1853429	0.421487603305785	0.116754605478321	0.137124183230437	2	1
AX-91553897	3	1854147	0.421487603305785	0.116754605478321	0.137124183230437	2	1
AX-90600076	3	1854242	0.28099173553719	0.0622615637419152	0.417260995976373	2	1
AX-91404460	3	1854270	0.423553719008264	0.103729034570734	0.18630007894849	2	1
AX-90586090	3	1854304	0.421487603305785	0.116754605478321	0.137124183230437	2	1
SNP265598	3	1854551	0.0743801652892562	0.0155605359505941	0.842839759595826	A	G
SNP265607	3	1854639	0.417355371900826	0.0828508899045436	0.288291732628209	G	T
SNP265608	3	1854651	0.425619834710744	0.0995728677101421	0.199736706225723	A	G
AX-90794233	3	1854683	0.417355371900826	0.114393815960656	0.144889049116886	2	1
SNP265610	3	1854683	0.425619834710744	0.0995728677101421	0.199736706225723	C	A
AX-91553902	3	1854717	0.421487603305785	0.116754605478321	0.137124183230437	2	1
AX-90794234	3	1854752	0.419421487603306	0.121460552105587	0.121039306069384	2	1
AX-91411624	3	1855151	0.419421487603306	0.121460552105587	0.121039306069384	2	1
AX-90642778	3	1855192	0.421487603305785	0.116754605478321	0.137124183230437	2	1
AX-91386690	3	1855207	0.285123966942149	0.0646167274982764	0.401559722289067	2	1
AX-91553900	3	1855436	0.421487603305785	0.116754605478321	0.137124183230437	2	1
AX-90794247	3	1855558	0.128099173553719	0.0368575192118993	0.62859729382784	2	1
AX-90794252	3	1855631	0.396694214876033	0.0919354965703298	0.241264284025097	2	1
AX-91427888	3	1855643	0.421487603305785	0.116754605478321	0.137124183230437	2	1
AX-90623903	3	1855684	0.396694214876033	0.0919354965703298	0.241264284025097	2	1
AX-91427886	3	1855687	0.392561983471074	0.0795977936573184	0.308851260418659	2	1
AX-90646665	3	1855722	0.423553719008264	0.122480891253293	0.117040171293139	2	1
AX-90794229	3	1856084	0.421487603305785	0.116754605478321	0.137124183230437	2	1
AX-91402660	3	1856523	0.388429752066116	0.0647786747898601	0.412653252067946	2	1
AX-91553899	3	1856611	0.421487603305785	0.116754605478321	0.137124183230437	2	1
SNP265613	3	1881088	0.0991735537190083	0.0987006549427592	0.153255374900062	T	A
SNP265614	3	1881094	0.107438016528926	0.122499871747121	0.0709837996531958	A	T
SNP265619	3	1881162	0.231404958677686	-0.0353822585433943	0.612429645272461	C	T
SNP265621	3	1881165	0.194214876033058	-0.0148592430053773	0.836576100285045	A	C
SNP265622	3	1881166	0.231404958677686	-0.0353822585433943	0.612429645272461	C	G
SNP265624	3	1881235	0.0785123966942149	0.0314880099304124	0.681161488361287	G	C
SNP265625	3	1881591	0.227272727272727	-0.0108036002645582	0.88822753029283	T	G
SNP265626	3	1881724	0.111570247933884	-0.0691567062611705	0.326207626424916	T	G
SNP265627	3	1881754	0.128099173553719	0.05205601324847	0.464131805189084	C	G
SNP265631	3	1881865	0.46900826446281	0.0497267938083309	0.489439540853661	A	C
SNP265633	3	1881883	0.190082644628099	0.139499786799726	0.0579348807891177	A	C
SNP265634	3	1882119	0.0743801652892562	0.0210676743130235	0.781644167573138	A	T
SNP265637	3	1882150	0.227272727272727	-0.0132022160307179	0.854112288261201	C	A
SNP265641	3	1882162	0.169421487603306	-0.00292015934370937	0.967197360693831	C	G
SNP265643	3	1882166	0.332644628099174	-0.0163279592435328	0.826857096763774	C	T
SNP265644	3	1882172	0.169421487603306	-0.00292015934370937	0.967197360693831	C	T
AX-91553904	3	1882295	0.239669421487603	-0.0352132234342263	0.641059745605476	2	1
AX-90794236	3	1882340	0.121900826446281	0.0577845881706335	0.404419499953813	2	1
AX-90794228	3	1882785	0.136363636363636	0.029379787374651	0.692167033946942	2	1
AX-90794245	3	1883540	0.334710743801653	-0.119403089069559	0.106136365080576	2	1
AX-91213242	3	1883963	0.487603305785124	-0.0537140488937926	0.451739477444813	2	1
AX-90794251	3	1884188	0.378099173553719	0.0249610024137993	0.72800383983148	2	1
AX-91847040	3	1884197	0.37603305785124	0.0176089374691185	0.805974693925694	2	1
AX-91553901	3	1884468	0.489669421487603	0.00902412080844457	0.899778656295879	1	2
SNP265657	3	1884542	0.12396694214876	0.00074974360794899	0.991902331087987	G	A
SNP265659	3	1884621	0.148760330578512	-0.0241978690299903	0.744793311922074	C	A
SNP265661	3	1884632	0.148760330578512	-0.0241978690299903	0.744793311922074	G	A
AX-91213243	3	1884681	0.338842975206612	0.0121048576565161	0.860809035187037	2	1
AX-90794242	3	1884794	0.200413223140496	-0.00550923897340447	0.936439898946313	2	1
PZA00615.3	3	1885957	0.144628099173554	-0.0413530960875127	0.566775889855395	A	G
AX-91332363	3	1885957	0.148760330578512	-0.0415644389186196	0.56324058458051	2	1
AX-90625139	3	1886210	0.336776859504132	0.00171584853103759	0.980306357218995	2	1
AX-91443011	3	1886675	0.132231404958678	-0.00840326433901059	0.904386011931746	2	1
AX-90794227	3	1888079	0.198347107438017	-0.0313305486670079	0.648142206406316	2	1
AX-91423702	3	1888534	0.115702479338843	0.0226725221038132	0.748236389072926	2	1
AX-91847042	3	1889566	0.326446280991736	0.0149518490375716	0.829620436107807	2	1
SNP265666	3	1890784	0.12603305785124	0.0418903202072599	0.554722656453106	A	G
AX-90794248	3	1892454	0.136363636363636	0.0117944428197816	0.872880555354261	2	1
AX-90794224	3	1895870	0.113636363636364	0.0251271567168901	0.721849175630915	2	1
SNP265669	3	1896754	0.268595041322314	-0.00641197069698872	0.929717088569398	A	C
SNP265673	3	1896780	0.194214876033058	0.0714229549748376	0.290802320543731	G	A
SNP265677	3	1896802	0.196280991735537	0.0138249345706661	0.840544437084522	A	G
SNP265679	3	1896809	0.196280991735537	0.0138249345706661	0.840544437084522	T	C
SNP265682	3	1896826	0.196280991735537	0.0138249345706661	0.840544437084522	A	G
SNP265683	3	1896827	0.266528925619835	-0.0317681916602913	0.666456104979507	T	C
AX-91213244	3	1899790	0.31404958677686	0.0114629348130855	0.868746680430537	2	1
AX-90794270	3	1900074	0.336776859504132	-0.00311837400095134	0.964084500039803	2	1
AX-90794269	3	1900202	0.117768595041322	0.0334588333078572	0.63874210166653	2	1
AX-90632662	3	1900364	0.285123966942149	-0.0257997808633456	0.720745557730048	1	2
AX-90632663	3	1900400	0.115702479338843	0.0226725221038132	0.748236389072926	2	1
AX-90632664	3	1900460	0.113636363636364	0.0251271567168901	0.721849175630915	2	1
SNP265689	3	1900492	0.0909090909090909	0.0554310067343058	0.431589193534888	C	A
AX-90632661	3	1900610	0.142561983471074	-0.0467669175179758	0.513817571564159	2	1
SNP265691	3	1900638	0.128099173553719	0.0499289227708822	0.480702909924822	C	G
AX-90794257	3	1900701	0.140495867768595	-0.0433514296082409	0.546101063877176	2	1
SNP265693	3	1900701	0.146694214876033	-0.0334328624378051	0.64365123973431	A	G
SNP265694	3	1900715	0.144628099173554	-0.0300175169268012	0.676650855850528	A	G
SNP265695	3	1900730	0.130165289256198	0.036995795867746	0.603405322737712	A	G
AX-91553918	3	1900779	0.268595041322314	-0.0055746810317658	0.940233180934606	1	2
SNP265703	3	1900779	0.25	-0.00468797853309028	0.948482621288178	T	C
AX-91553930	3	1901165	0.115702479338843	0.0226725221038132	0.748236389072926	2	1
AX-91553932	3	1901247	0.262396694214876	-0.00765409685135631	0.921672026232112	2	1
AX-91553924	3	1901360	0.140495867768595	0.00605806478873109	0.934655058377945	2	1
AX-91553933	3	1959327	0.136363636363636	0.0621417525523535	0.436675881968046	2	1
AX-91553919	3	1961062	0.111570247933884	0.0159873188414625	0.820309466920181	2	1
AX-91553916	3	1962876	0.15702479338843	-0.017617343191581	0.81435992030456	2	1
AX-91553914	3	1962954	0.136363636363636	-0.0344328067261803	0.632952151934115	2	1
AX-91553928	3	1963116	0.136363636363636	-0.0344328067261803	0.632952151934115	2	1
SNP265704	3	1964135	0.107438016528926	0.0620337307464938	0.379329061313613	A	G
SNP265705	3	1964140	0.179752066115703	-0.0298529593871237	0.707110136278026	C	T
SNP265706	3	1964161	0.202479338842975	0.0199564777043389	0.777960958038397	T	C
SNP265708	3	1964431	0.28099173553719	0.0242040618947314	0.740682244190487	A	G
SNP265712	3	1964650	0.270661157024793	-0.0202029448610862	0.785101098876238	A	G
AX-91553915	3	1965544	0.18595041322314	-0.0585485014522078	0.431854233864533	2	1
AX-90794260	3	1966880	0.0702479338842975	-0.0631973980130598	0.376976438791704	2	1
SNP265718	3	1967831	0.202479338842975	-0.000229701375225568	0.99739930407583	G	C
SNP265719	3	1967838	0.0537190082644628	0.0215245139432585	0.727378625438815	A	G
SNP265720	3	1967849	0.105371900826446	-0.00402673179499941	0.957173972246439	C	T
AX-90794277	3	1967904	0.413223140495868	0.0712948761542429	0.353693829983256	1	2
AX-91553936	3	1967929	0.411157024793388	0.0764782188476323	0.319319472486775	1	2
AX-90794259	3	1968369	0.318181818181818	0.0520315660090885	0.482293298698148	1	2
AX-90638671	3	1968480	0.169421487603306	-0.0564681215302493	0.427757380049619	2	1
SNP265724	3	1968676	0.196280991735537	-0.0248100787059115	0.727052629072461	C	A
SNP265726	3	1968704	0.128099173553719	-0.0502115011606591	0.489640308373861	T	C
AX-90643008	3	1968764	0.171487603305785	-0.0508803170773992	0.473119958757126	2	1
SNP265727	3	1968782	0.289256198347107	-0.092067259618083	0.23673573102767	T	C
SNP265728	3	1968839	0.497933884297521	-0.0492377205220037	0.491790033985494	C	G
SNP265729	3	1968857	0.0909090909090909	0.0994463866138281	0.197689935687151	G	C
SNP265731	3	1968868	0.320247933884298	-0.0463506835370451	0.512331284224701	C	T
SNP265736	3	1968884	0.0909090909090909	0.0136199390889667	0.855176671013294	T	A
AX-90600920	3	1968967	0.402892561983471	-0.08490370243956	0.237551462128874	2	1
SNP265737	3	1975903	0.392561983471074	-0.0763010333623129	0.298953388687984	C	T
AX-91382239	3	1975926	0.237603305785124	0.14868745724438	0.0538168482819137	2	1
SNP265738	3	1975926	0.252066115702479	0.17142024479344	0.0245166923739102	C	G
AX-91553911	3	1975971	0.204545454545455	-0.0646976699263257	0.360875542054045	1	2
AX-91442820	3	1976015	0.256198347107438	-0.0368750392819554	0.607655551594696	1	2
SNP265741	3	1976064	0.132231404958678	-0.0473997778246935	0.514798843495806	A	G
AX-91442819	3	1976066	0.152892561983471	-0.0988926429599391	0.187105667565065	2	1
SNP265742	3	1976066	0.132231404958678	-0.0473997778246935	0.514798843495806	T	C
SNP265744	3	1976364	0.264462809917355	-0.114881689936749	0.107648001462289	T	C
SNP265745	3	1976416	0.0909090909090909	-0.0111536583005642	0.866012471371457	T	A
SNP265746	3	1976421	0.0909090909090909	-0.0111536583005642	0.866012471371457	T	C
SNP265747	3	1976422	0.0909090909090909	-0.0111536583005642	0.866012471371457	T	C
SNP265748	3	1976424	0.0909090909090909	-0.0111536583005642	0.866012471371457	T	C
SNP265749	3	1976426	0.0909090909090909	-0.0111536583005642	0.866012471371457	T	A
SNP265751	3	1976429	0.0909090909090909	-0.0111536583005642	0.866012471371457	C	T
AX-91387648	3	1976474	0.148760330578512	-0.0551541623451709	0.445531382665239	2	1
SNP265756	3	1976523	0.136363636363636	-0.112732821911336	0.116440143794655	G	A
SNP265757	3	1976526	0.144628099173554	-0.118908940153851	0.0953736519629979	A	G
SNP265758	3	1976530	0.221074380165289	0.0469196026113796	0.525351910876512	C	T
SNP265759	3	1976540	0.0516528925619835	0.0979876016964527	0.121831035130147	T	C
AX-91428897	3	1976567	0.491735537190083	-0.00773989657324315	0.912807517518772	1	2
SNP265760	3	1976567	0.497933884297521	-0.0138832680440122	0.847527289792319	T	C
AX-90624951	3	1976603	0.353305785123967	0.155626890226462	0.0323460896129478	2	1
SNP265761	3	1976603	0.355371900826446	0.160708449072462	0.0274138578451808	G	A
AX-90624952	3	1976636	0.148760330578512	0.0181367112237684	0.791790660005957	2	1
SNP265762	3	1976636	0.132231404958678	0.0591395340294392	0.392423620802345	G	A
SNP265769	3	1976834	0.198347107438017	-0.150472806672105	0.035093895898993	G	A
AX-90794263	3	1977164	0.462809917355372	-0.142913632163242	0.0584494196552254	2	1
AX-90624271	3	1977909	0.144628099173554	-0.0924649530614075	0.201327102898931	2	1
PZE-103001968	3	1978736	0.448347107438017	0.0910398934532082	0.202736482996607	C	T
AX-90578652	3	1978922	0.289256198347107	-0.0358506990433949	0.611085612022525	2	1
AX-91553934	3	1979304	0.390495867768595	0.191078330601651	0.00779832032480164	2	1
SNP265773	3	1980939	0.506198347107438	0.104033864396068	0.157292715954623	T	A
SNP265774	3	1980945	0.0702479338842975	0.000705895195892238	0.992183245137675	C	G
SNP265775	3	1980946	0.171487603305785	-0.0647420505144576	0.346110364470882	C	G
SNP265777	3	1980950	0.367768595041322	0.0948630752188061	0.207174340509092	C	G
AX-91213248	3	1997925	0.471074380165289	-0.162259447911395	0.0261560615715991	1	2
AX-91847044	3	1998852	0.390495867768595	0.08358378466655	0.26723407398172	2	1
AX-91553927	3	1999475	0.398760330578512	-0.0730631635760633	0.326696968334631	1	2
AX-90794279	3	2001035	0.386363636363636	0.0730480936021158	0.319399273904263	2	1
SNP265788	3	2001653	0.409090909090909	0.142873715319347	0.0506733983534827	T	C
SNP265790	3	2001661	0.458677685950413	0.0647681606485237	0.364643057332411	C	G
SNP265791	3	2001663	0.458677685950413	0.0647681606485237	0.364643057332411	T	G
SNP265792	3	2001664	0.458677685950413	0.0647681606485237	0.364643057332411	A	T
SNP265793	3	2001681	0.409090909090909	0.142873715319347	0.0506733983534827	T	A
SNP265795	3	2001684	0.508264462809917	0.0911500350372247	0.190650501736917	T	G
SNP265798	3	2001687	0.413223140495868	0.141239251512014	0.0531790535259616	T	G
SNP265799	3	2001688	0.483471074380165	0.0899548076724024	0.221655453729028	T	G
SNP265800	3	2001689	0.487603305785124	-0.0673455852395432	0.363821975478692	G	C
SNP265801	3	2001690	0.495867768595041	-0.0703449093360109	0.339871339810363	G	A
SNP265816	3	2002195	0.231404958677686	-0.0371360905355666	0.615196140932384	T	C
SNP265819	3	2002216	0.367768595041322	-0.012860661528869	0.853670435767244	A	G
SNP265820	3	2002221	0.231404958677686	-0.0371360905355666	0.615196140932384	C	T
AX-91847045	3	2003033	0.208677685950413	-0.081463514690092	0.259525210514598	1	2
AX-90794280	3	2004450	0.0991735537190083	-0.119207856617205	0.0950541375453292	2	1
AX-90794313	3	2004942	0.440082644628099	-0.0116255822107599	0.871629391804501	2	1
AX-90794314	3	2005208	0.384297520661157	-0.069888933926737	0.333882748718558	2	1
AX-91553943	3	2005761	0.247933884297521	0.0626482755722406	0.391861852709711	2	1
AX-91553950	3	2060616	0.34297520661157	-0.026882425999042	0.70908136347123	2	1
SNP265842	3	2061209	0.293388429752066	0.00388110559473029	0.956571919075829	C	T
SNP265844	3	2061263	0.0826446280991736	-0.114890256472621	0.113938164570637	T	C
SNP265845	3	2061384	0.134297520661157	0.0877854923532387	0.226602175324958	G	T
SNP265847	3	2061866	0.0929752066115702	-0.0640435322215621	0.415520847897222	G	T
SNP265850	3	2061898	0.481404958677686	-0.101234744229079	0.170284030736564	G	A
SNP265851	3	2061908	0.324380165289256	-0.0812667262706442	0.265203391243791	T	C
SNP265852	3	2061938	0.208677685950413	0.000946667719277585	0.989484813600278	A	G
SNP265854	3	2061967	0.252066115702479	0.000831982076556011	0.990720087891133	G	A
SNP265859	3	2062015	0.252066115702479	0.000831982076556011	0.990720087891133	A	G
SNP265860	3	2062049	0.454545454545455	0.08909679989723	0.242117848219514	A	C
