Marker_Name	Chromosome	Marker_Position	Maf	SNP_Weight	Pvalue	Allele1	Allele2
AX-90793747	3	64268	0.203703703703704	-0.0634208815672037	0.264355929173295	2	1
AX-90793761	3	64790	0.259259259259259	0.0630560618809405	0.29237045835662	1	2
AX-90793762	3	64857	0.131687242798354	0.000411646599249662	0.993717927689002	2	1
AX-90793738	3	80900	0.42798353909465	-0.0514584920664892	0.361980390435695	2	1
AX-91553597	3	81305	0.0740740740740741	-0.0861061626594176	0.12306280224386	2	1
AX-90793739	3	81792	0.263374485596708	0.0557239658926504	0.350726362781199	1	2
AX-90793737	3	81926	0.283950617283951	0.0107644121128558	0.8458173467534	2	1
SNP264505	3	81926	0.176954732510288	0.0878612743828008	0.115290956575776	A	G
AX-91553590	3	85462	0.292181069958848	0.00614753481922837	0.91150181349526	2	1
AX-91553587	3	85515	0.0617283950617284	-0.0293654867317321	0.624430847491099	2	1
AX-90793742	3	91656	0.423868312757202	-0.0545146212455189	0.335249036195687	2	1
AX-90793756	3	92262	0.131687242798354	0.0562952047485615	0.316542725138832	2	1
AX-90793758	3	93037	0.242798353909465	0.00946110389184846	0.875634576326794	1	2
AX-90793771	3	107034	0.246913580246914	0.0861247661740906	0.154894602960865	1	2
AX-91553614	3	109281	0.267489711934156	0.0443423641251102	0.44937014851525	1	2
AX-90793770	3	114711	0.131687242798354	0.000411646599249662	0.993717927689002	2	1
AX-90793778	3	163275	0.292181069958848	0.00614753481922837	0.91150181349526	2	1
AX-91553625	3	208772	0.259259259259259	0.0630560618809405	0.29237045835662	1	2
AX-90793789	3	272553	0.201646090534979	-0.065513290964321	0.247972152981278	2	1
AX-90793797	3	292390	0.294238683127572	0.00159738968314148	0.976982403297842	2	1
AX-91553637	3	303432	0.292181069958848	0.00614753481922837	0.91150181349526	2	1
AX-90793817	3	308835	0.255144032921811	0.0637765690500897	0.286947932476899	1	2
AX-90793803	3	331357	0.255144032921811	0.0782092303830093	0.19727071258682	1	2
AX-90793829	3	363621	0.419753086419753	-0.0688030112040936	0.224747528196055	2	1
AX-90793820	3	364346	0.0925925925925926	-0.0866564233720001	0.131473441068463	2	1
AX-90793825	3	374788	0.481481481481482	-0.0110152022316729	0.848518819084982	2	1
AX-90793828	3	375843	0.415637860082305	-0.0553865244138512	0.323007015615329	2	1
AX-90793805	3	378370	0.386831275720165	-0.0272618084137551	0.639402718400415	1	2
AX-90793819	3	381118	0.123456790123457	-0.0129474030711987	0.803656694599372	2	1
AX-91553652	3	414777	0.0864197530864198	0.0518651356526427	0.348426830772164	2	1
AX-90793862	3	421645	0.436213991769547	-0.0930395985698681	0.129438554267054	2	1
AX-90793864	3	422040	0.0905349794238683	-0.0106445171026744	0.838237847132863	2	1
AX-90793835	3	464350	0.205761316872428	-0.0542163495789715	0.335896659678131	2	1
AX-91553669	3	529320	0.288065843621399	0.0027803656624525	0.959687140539919	2	1
AX-90793883	3	529577	0.259259259259259	0.0630560618809405	0.29237045835662	1	2
AX-90793874	3	534748	0.407407407407407	-0.0692703862312044	0.218387155722549	2	1
SNP264554	3	542577	0.337448559670782	0.0469784574052882	0.32523477738676	T	C
SNP264556	3	542582	0.296296296296296	0.0949444989479635	0.0398792964007523	G	T
SNP264560	3	543673	0.393004115226337	0.0910623700012203	0.0704346980942803	T	C
AX-90628872	3	545636	0.242798353909465	0.0841218312140614	0.163304888391105	1	2
SNP264564	3	549836	0.263374485596708	-0.0521897883502184	0.323468996770515	A	G
AX-90793882	3	551197	0.267489711934156	0.0688852180567143	0.246505896596197	1	2
AX-90793890	3	552062	0.279835390946502	0.0108092477491339	0.842641423853396	2	1
AX-91553684	3	555842	0.209876543209877	0.000404621430997344	0.994357006288249	2	1
AX-90793869	3	556510	0.277777777777778	-0.00654698758583931	0.90310317826289	2	1
AX-90793918	3	740985	0.263374485596708	0.0653465836200165	0.282405076831908	1	2
AX-90793914	3	744730	0.267489711934156	0.0579373457996857	0.339627175818727	1	2
AX-90793946	3	887796	0.325102880658436	0.0221812420203049	0.693808144888152	2	1
AX-91553720	3	892541	0.267489711934156	0.0283644718901515	0.627856057076188	1	2
AX-91553727	3	898118	0.197530864197531	-0.0662969605302853	0.247872638933634	2	1
AX-90793964	3	989025	0.203703703703704	-0.0634208815672037	0.264355929173295	2	1
PZE-103000190	3	989725	0.323045267489712	0.0297950965426256	0.594853338462753	G	A
AX-91341669	3	989725	0.320987654320988	0.0280205508499355	0.617122893718734	2	1
AX-91553734	3	992274	0.156378600823045	-0.0288984680332858	0.606439173681333	2	1
PZE-103000200	3	992354	0.257201646090535	0.0232094700924961	0.697057877788398	T	C
AX-90536787	3	992354	0.257201646090535	0.014079756554562	0.814982356725772	2	1
PZE-103000201	3	992413	0.257201646090535	0.0232094700924961	0.697057877788398	G	A
AX-91553731	3	992511	0.255144032921811	0.0215355433741638	0.71827591513526	2	1
AX-90793986	3	1014030	0.257201646090535	0.0232094700924964	0.697057877788416	2	1
AX-91553754	3	1021670	0.257201646090535	0.0232094700924964	0.697057877788416	2	1
AX-90793976	3	1024132	0.257201646090535	0.0232094700924964	0.697057877788416	2	1
PZE-103000204	3	1024814	0.257201646090535	0.0232094700924961	0.697057877788398	C	T
AX-91341672	3	1024814	0.255144032921811	0.0215355433741638	0.71827591513526	2	1
AX-90794000	3	1025043	0.255144032921811	0.0215355433741638	0.71827591513526	2	1
AX-91553762	3	1025369	0.255144032921811	0.0215355433741638	0.71827591513526	2	1
AX-90793992	3	1025654	0.257201646090535	0.0232094700924964	0.697057877788416	2	1
AX-90793997	3	1026259	0.255144032921811	0.0215355433741638	0.71827591513526	2	1
AX-90793973	3	1026775	0.257201646090535	0.0232094700924964	0.697057877788416	2	1
AX-91553755	3	1027022	0.257201646090535	0.0232094700924964	0.697057877788416	2	1
AX-91553753	3	1027591	0.257201646090535	0.0232094700924964	0.697057877788416	2	1
AX-90793995	3	1028892	0.255144032921811	0.0215355433741638	0.71827591513526	2	1
AX-91553765	3	1029448	0.257201646090535	0.0232094700924964	0.697057877788416	2	1
AX-90793983	3	1030039	0.255144032921811	0.0215355433741638	0.71827591513526	2	1
AX-91553748	3	1030120	0.255144032921811	0.0215355433741638	0.71827591513526	2	1
AX-90793987	3	1031218	0.255144032921811	0.0215355433741638	0.71827591513526	2	1
AX-90793991	3	1035554	0.255144032921811	0.0215355433741638	0.71827591513526	2	1
SNP264623	3	1036520	0.0781893004115226	0.055436378379207	0.311079243935509	T	C
SNP264624	3	1036553	0.0781893004115226	0.055436378379207	0.311079243935509	T	G
SNP264625	3	1036561	0.0781893004115226	0.055436378379207	0.311079243935509	T	C
SNP264630	3	1037704	0.119341563786008	0.0584621770332701	0.227916050031157	A	C
SNP264632	3	1037853	0.148148148148148	0.0556150752028389	0.293328859901417	C	T
SNP264633	3	1037869	0.148148148148148	0.0556150752028389	0.293328859901417	G	A
SNP264634	3	1037874	0.148148148148148	0.0556150752028389	0.293328859901417	G	T
SNP264635	3	1037882	0.0823045267489712	-0.00852569685965236	0.870101396072798	G	T
PZE-103000289	3	1080251	0.362139917695473	0.0172506070382292	0.769624733645023	C	A
AX-90536795	3	1080251	0.362139917695473	0.0172506070382289	0.769624733645018	2	1
SNP264637	3	1080336	0.168724279835391	0.035563193128198	0.501680497951002	C	T
SNP264640	3	1080361	0.17283950617284	0.0185465351176346	0.724383389375958	C	T
SNP264641	3	1080366	0.168724279835391	0.035563193128198	0.501680497951002	C	A
SNP264644	3	1080381	0.168724279835391	0.035563193128198	0.501680497951002	T	C
SNP264646	3	1080387	0.168724279835391	0.035563193128198	0.501680497951002	C	T
SNP264647	3	1080388	0.168724279835391	0.035563193128198	0.501680497951002	C	T
PZE-103000279	3	1083607	0.257201646090535	0.0232094700924961	0.697057877788398	C	T
AX-91341677	3	1083607	0.257201646090535	0.0232094700924964	0.697057877788416	2	1
AX-91553756	3	1087341	0.257201646090535	0.0232094700924964	0.697057877788416	2	1
PZE-103000262	3	1095099	0.257201646090535	0.0232094700924961	0.697057877788398	G	A
AX-90536793	3	1095099	0.261316872427984	0.027420593801176	0.646531779354981	2	1
PZE-103000261	3	1095356	0.257201646090535	0.0232094700924961	0.697057877788398	C	T
AX-91341675	3	1095356	0.253086419753086	0.0201556322505455	0.735831088744153	2	1
SNP264651	3	1095451	0.17283950617284	-0.00302071850525592	0.953944398315135	G	A
SNP264652	3	1095492	0.17283950617284	-0.00302071850525592	0.953944398315135	C	T
AX-91553764	3	1096457	0.255144032921811	0.0215355433741638	0.71827591513526	2	1
AX-90793917	3	1096582	0.127572016460905	-0.00214356821626174	0.970391106821529	2	1
AX-90793988	3	1096951	0.0617283950617284	0.0532834434271211	0.347285674616134	2	1
AX-91847028	3	1103294	0.425925925925926	0.00317386891346898	0.956079589005017	2	1
AX-90794024	3	1104136	0.15843621399177	-0.0268850184303867	0.631071934424293	2	1
SNP264663	3	1104193	0.148148148148148	0.0264709981194492	0.597056382343858	A	C
SNP264664	3	1104194	0.148148148148148	0.0264709981194492	0.597056382343858	G	T
PZE-103000239	3	1104224	0.257201646090535	0.0232094700924961	0.697057877788398	T	G
AX-90536791	3	1104224	0.257201646090535	0.0232094700924964	0.697057877788416	2	1
SNP264665	3	1104224	0.148148148148148	0.0264709981194492	0.597056382343858	A	C
AX-90794026	3	1104272	0.257201646090535	0.0232094700924964	0.697057877788416	2	1
PZE-103000238	3	1106932	0.121399176954733	0.0539510868522405	0.372047172471051	A	G
AX-90794016	3	1107324	0.135802469135802	0.0162506568672544	0.80886606654443	2	1
AX-91213215	3	1168768	0.234567901234568	0.0310236629544359	0.558786603267554	2	1
AX-90794008	3	1170824	0.181069958847737	0.0143958058649745	0.784877137112621	2	1
AX-90794006	3	1171491	0.189300411522634	0.0298441287552889	0.571266693240158	2	1
AX-90794030	3	1171895	0.236625514403292	0.0113116931711809	0.831764650654747	2	1
AX-90794028	3	1171963	0.232510288065844	0.0108390040521297	0.837877940400546	2	1
AX-90794029	3	1172009	0.183127572016461	0.0181389712918325	0.732202449855142	2	1
AX-91553779	3	1172117	0.209876543209877	0.006088384318514	0.907991375051733	2	1
AX-90794025	3	1172258	0.238683127572016	0.00400790915216273	0.940069071886574	2	1
AX-90794003	3	1173156	0.281893004115226	-0.000863162936660772	0.987466464344262	2	1
AX-90794022	3	1173404	0.279835390946502	-0.00416555908345191	0.939576329959362	2	1
AX-91213212	3	1173502	0.292181069958848	-0.0146992717586504	0.78783647224219	2	1
AX-91213213	3	1173860	0.279835390946502	-0.00416555908345191	0.939576329959362	2	1
AX-90794045	3	1213492	0.226337448559671	-0.0189322346223915	0.732602723463953	2	1
AX-90794062	3	1214024	0.0617283950617284	0.057993863519072	0.27233843084492	2	1
AX-90794038	3	1215036	0.226337448559671	-0.0189322346223915	0.732602723463953	2	1
AX-91553792	3	1215101	0.0617283950617284	0.057993863519072	0.27233843084492	2	1
AX-90794043	3	1215491	0.226337448559671	-0.0189322346223915	0.732602723463953	2	1
AX-90794053	3	1215588	0.226337448559671	-0.0189322346223915	0.732602723463953	2	1
AX-90794033	3	1216210	0.226337448559671	-0.0189322346223915	0.732602723463953	2	1
AX-90794042	3	1216281	0.0534979423868313	0.0265070788141541	0.629080710985674	2	1
AX-90794065	3	1216656	0.226337448559671	-0.0189322346223915	0.732602723463953	2	1
AX-91553799	3	1217034	0.226337448559671	-0.0189322346223915	0.732602723463953	2	1
AX-91553797	3	1217290	0.222222222222222	-0.0272652457343854	0.622306121213251	2	1
AX-91213216	3	1218939	0.436213991769547	0.00911172979765445	0.869572539055029	2	1
PZE-103000307	3	1233964	0.179012345679012	0.0021665985942588	0.96737646616735	C	A
AX-90536796	3	1233964	0.201646090534979	0.00782774192580019	0.883464921082674	2	1
AX-90794037	3	1239492	0.199588477366255	0.00318582232869843	0.951861741842674	2	1
AX-91553787	3	1239808	0.164609053497942	0.00572985460813094	0.911794752958089	2	1
SNP264675	3	1258153	0.0534979423868313	-0.00370498425063856	0.944635169501362	A	G
SNP264685	3	1260639	0.205761316872428	0.0129879169477063	0.806930404252061	T	C
SNP264705	3	1261966	0.323045267489712	0.0253584049653646	0.631912540101236	C	T
SNP264707	3	1262017	0.290123456790123	-0.00615840972792128	0.905203704982132	C	T
SNP264713	3	1262209	0.189300411522634	0.103538338582635	0.0592670171890604	A	G
SNP264714	3	1262233	0.37037037037037	0.0978384816783829	0.0604132457642747	C	T
AX-91213219	3	1269186	0.240740740740741	-0.00837572230368419	0.879757224293344	2	1
AX-90794034	3	1269394	0.0761316872427984	-0.00940626516420602	0.868561340736158	2	1
AX-91847030	3	1270760	0.244855967078189	-0.00869071639380547	0.875335514688979	2	1
AX-90794044	3	1270921	0.337448559670782	-0.0212264949248921	0.713759997553393	2	1
AX-91553798	3	1273082	0.238683127572016	-0.000577003209419246	0.991668857756944	2	1
AX-90794048	3	1281995	0.0740740740740741	-0.0125365934223374	0.825242490551988	2	1
SNP264724	3	1289855	0.434156378600823	-0.057949984961283	0.312185096427873	C	T
SNP264728	3	1289918	0.362139917695473	-0.0173046730311022	0.753421117954717	A	G
SNP264729	3	1289966	0.300411522633745	-0.0414052214493741	0.45118323103376	T	C
SNP264738	3	1290787	0.0493827160493827	0.0512561236982637	0.337390541637849	T	C
AX-90794055	3	1290932	0.168724279835391	-0.0836083602259725	0.164116116032593	2	1
AX-90794052	3	1292639	0.0946502057613169	-0.00950362349737811	0.85652431040586	2	1
AX-91553788	3	1295106	0.397119341563786	-0.0108258477571283	0.84384088383786	2	1
SNP264739	3	1295292	0.111111111111111	-0.0177266676906102	0.724665237317407	G	C
AX-90794061	3	1295385	0.193415637860082	-0.0309931239852022	0.584015347294659	2	1
AX-90590214	3	1296922	0.345679012345679	0.0217318361993428	0.702931913871096	1	2
AX-91394939	3	1296930	0.300411522633745	-0.0245996785091267	0.686766456486341	2	1
AX-91422506	3	1297597	0.393004115226337	-0.0642756548616399	0.278152340757425	2	1
AX-90604641	3	1298054	0.438271604938272	-0.107147672306358	0.0779864107092833	2	1
SNP264755	3	1298054	0.465020576131687	-0.1257982742284	0.0452920592356246	G	C
SNP264756	3	1298060	0.465020576131687	-0.1257982742284	0.0452920592356246	C	A
AX-90646356	3	1298139	0.106995884773663	-0.0126354346626649	0.819351771094864	2	1
AX-90794054	3	1298244	0.345679012345679	-0.0420490474229203	0.484896277076155	2	1
AX-91553796	3	1298304	0.495884773662552	0.0284271891553157	0.642455699641225	1	2
PZA00309.1	3	1298537	0.506172839506173	0.0610327750870149	0.33520400855741	G	A
AX-90527397	3	1298537	0.5	0.0806711587112611	0.199624563286805	1	2
AX-91436322	3	1298636	0.446502057613169	-0.102883883319964	0.101641495821439	2	1
AX-90593402	3	1301925	0.12962962962963	0.0364203081591956	0.503067222083666	2	1
AX-91213220	3	1302266	0.347736625514403	-0.07618377093736	0.209494231682022	2	1
AX-90794080	3	1302585	0.106995884773663	0.0207816916289442	0.730006415418258	2	1
AX-90794079	3	1302937	0.051440329218107	0.00230007615004603	0.969220824937128	2	1
AX-90794081	3	1302994	0.0987654320987654	-0.1534419964338	0.0119144081502681	2	1
AX-90794068	3	1303245	0.374485596707819	-0.0369320455188511	0.5397287550185	2	1
AX-90794071	3	1303289	0.0987654320987654	-0.1534419964338	0.0119144081502681	2	1
AX-91553801	3	1303408	0.051440329218107	0.00230007615004603	0.969220824937128	2	1
AX-91553819	3	1303473	0.139917695473251	-0.0212152874706066	0.705450160166055	2	1
AX-90600565	3	1303704	0.051440329218107	0.00230007615004603	0.969220824937128	2	1
AX-91404918	3	1303719	0.267489711934156	0.0169557049522303	0.766967710564311	2	1
SNP264759	3	1303812	0.275720164609054	0.0710671293207555	0.228580160514874	C	T
AX-91404920	3	1303959	0.47119341563786	0.0847974098575807	0.186781625165694	1	2
AX-90794082	3	1304189	0.187242798353909	-0.0405091062222738	0.50802646592933	2	1
AX-90794085	3	1304288	0.160493827160494	-0.00750528353365876	0.891320495211984	2	1
AX-91553814	3	1304611	0.193415637860082	-0.0465411374154009	0.4159401129825	2	1
AX-90794084	3	1318503	0.310699588477366	-0.0417952787571378	0.500338883406993	2	1
SNP264760	3	1326393	0.37037037037037	-0.0817523288868716	0.188670780864236	C	T
SNP264761	3	1326407	0.411522633744856	-0.104819617317372	0.0948380389982948	G	A
SNP264762	3	1326409	0.37037037037037	-0.0817523288868716	0.188670780864236	C	T
SNP264765	3	1326446	0.15843621399177	-0.0741011531571306	0.23298267479609	G	C
SNP264766	3	1326458	0.113168724279835	-0.00027432436186608	0.995991281965462	A	C
SNP264768	3	1326567	0.139917695473251	-0.0890530970556736	0.133228704679003	G	T
SNP264770	3	1326601	0.0740740740740741	0.055123111229775	0.339884562770261	A	G
SNP264776	3	1326943	0.111111111111111	-0.00468120315776952	0.939387913418037	A	C
SNP264789	3	1327240	0.316872427983539	-0.149853577640037	0.00931645890871814	G	A
SNP264795	3	1327300	0.051440329218107	-0.0233602030628918	0.669218853242686	A	G
SNP264796	3	1327315	0.0823045267489712	-0.0421363480617642	0.469636905393579	A	G
AX-90794090	3	1335546	0.267489711934156	-0.0809327527261092	0.118390287569527	2	1
SNP264797	3	1337663	0.0617283950617284	-0.0393180812136837	0.442051869378793	A	G
SNP264798	3	1337664	0.123456790123457	-0.00800210741804403	0.88396779560071	T	C
SNP264799	3	1337673	0.230452674897119	0.112366851573811	0.0543280098738482	C	G
SNP264800	3	1337674	0.123456790123457	-0.00800210741804403	0.88396779560071	C	T
SNP264801	3	1337683	0.123456790123457	-0.00800210741804403	0.88396779560071	A	G
SNP264802	3	1337705	0.366255144032922	-0.00754488717502705	0.889727678917163	A	T
SNP264803	3	1337707	0.477366255144033	-0.0191813515007784	0.722412560564284	T	C
AX-91847032	3	1338297	0.450617283950617	-0.093025996845667	0.0931454618446403	2	1
AX-90794089	3	1338476	0.306584362139918	-0.0843822516469353	0.122572654782568	2	1
AX-90794076	3	1338553	0.306584362139918	-0.0843822516469353	0.122572654782568	2	1
SNP264812	3	1349505	0.162551440329218	-0.0398368294223675	0.471991122791613	T	G
SNP264813	3	1349507	0.0534979423868313	-0.071322069160297	0.240284856565995	T	A
SNP264817	3	1349570	0.0987654320987654	-0.035287994418902	0.556118382209949	T	C
PZE-103000485	3	1349649	0.271604938271605	-0.0792967522301952	0.171379985892228	T	C
AX-91341680	3	1349649	0.271604938271605	-0.0792967522301952	0.171379985892238	2	1
SNP264820	3	1349649	0.279835390946502	-0.0983300109496089	0.0847557726080817	T	C
SNP264822	3	1349759	0.259259259259259	0.00698303679166477	0.898195197467463	C	G
SNP264823	3	1349766	0.446502057613169	0.00932227683667172	0.868410488056231	A	G
AX-91553803	3	1350279	0.251028806584362	-0.0399846528883408	0.473004899069019	2	1
PZE-103000496	3	1350487	0.436213991769547	0.0518818241884699	0.351571988363959	T	G
AX-91341681	3	1350487	0.432098765432099	0.0484330759255591	0.389983251200735	1	2
PZE-103000497	3	1350533	0.436213991769547	0.0518818241884699	0.351571988363959	T	C
AX-91341682	3	1350533	0.432098765432099	0.0484330759255591	0.389983251200735	1	2
SNP264829	3	1350600	0.271604938271605	0.0112941549323706	0.836357630254985	G	A
AX-90794070	3	1350764	0.232510288065844	-0.0456578091113213	0.405466439526738	2	1
AX-90794078	3	1350888	0.238683127572016	0.0877544041813378	0.148524507862292	1	2
AX-90794093	3	1351187	0.104938271604938	-0.0105679257048578	0.848803000006126	2	1
AX-90647214	3	1351339	0.358024691358025	0.0809603769172912	0.141707800827256	1	2
SNP264835	3	1351339	0.358024691358025	0.102856461664214	0.0602763926484049	T	C
AX-91451048	3	1351341	0.230452674897119	-0.0861865728819963	0.132157660050075	2	1
SNP264836	3	1351341	0.201646090534979	-0.0894580243811846	0.123648342256516	C	T
AX-90647215	3	1351375	0.446502057613169	0.0561497521680658	0.293228442629449	1	2
SNP264837	3	1351375	0.444444444444444	0.0939300330068382	0.0812961945356274	G	T
SNP264840	3	1351420	0.34156378600823	0.1146621577906	0.0334054944315513	A	G
AX-90794087	3	1351603	0.088477366255144	-0.0290035105636362	0.582717380197896	2	1
AX-91553818	3	1351638	0.320987654320988	0.0122646153213116	0.829578572342252	2	1
AX-90794067	3	1352547	0.491769547325103	-0.0239340628905678	0.661072550279712	2	1
AX-90794074	3	1352939	0.160493827160494	-0.0515093766255831	0.358596160449651	2	1
AX-90794091	3	1353076	0.329218106995885	0.0118153553043699	0.833783940616628	2	1
PZE-103000505	3	1353289	0.327160493827161	-0.000472929146419613	0.99319743501128	G	A
AX-90536800	3	1353289	0.327160493827161	0.0190609825187393	0.734247260263707	2	1
SNP264841	3	1353289	0.279835390946502	-0.0263380969275796	0.635556666564657	G	A
SNP264843	3	1353319	0.0617283950617284	-0.0598160168910383	0.290027853436245	T	A
SNP264844	3	1353323	0.279835390946502	-0.0263380969275796	0.635556666564657	G	A
AX-90794075	3	1353407	0.349794238683128	0.0669410757845554	0.224275509487365	1	2
AX-90639169	3	1353516	0.318930041152263	-0.0995839088244723	0.0819601956586296	2	1
SNP264846	3	1353516	0.275720164609054	-0.0580086027527631	0.335770705461023	G	A
AX-91399004	3	1353534	0.335390946502058	0.000894822704136298	0.987281205950333	2	1
AX-91553811	3	1353814	0.327160493827161	0.0190609825187393	0.734247260263707	2	1
AX-91412748	3	1354009	0.327160493827161	0.0190609825187393	0.734247260263707	2	1
AX-91412749	3	1354054	0.327160493827161	0.0190609825187393	0.734247260263707	2	1
AX-91412747	3	1354396	0.146090534979424	-0.0598877070481534	0.272774434331984	2	1
PZE-103000508	3	1354435	0.146090534979424	-0.0598877070481533	0.272774434332008	G	A
AX-90536801	3	1354435	0.148148148148148	-0.0581880459953132	0.289370785158308	2	1
AX-90794073	3	1354575	0.15843621399177	-0.0703052186041234	0.218158255901911	2	1
AX-90794092	3	1354678	0.0740740740740741	-0.0815921782655168	0.148458559957351	2	1
SNP264847	3	1406710	0.156378600823045	-0.0468238392700573	0.402381218668515	G	C
SNP264848	3	1406727	0.102880658436214	-0.119694509436957	0.0477942947976403	T	C
AX-91213226	3	1407408	0.415637860082305	0.0289895911138233	0.623493532823729	1	2
AX-90612958	3	1407528	0.388888888888889	0.0877637581584189	0.135605114549404	1	2
AX-90612957	3	1407591	0.39917695473251	-0.0153589332332656	0.786397089435006	2	1
AX-91417178	3	1407595	0.160493827160494	-0.0520281881422241	0.358484385671994	2	1
AX-90612955	3	1407685	0.390946502057613	0.0717197912723049	0.214651105154624	1	2
AX-90794109	3	1407921	0.111111111111111	-0.0640438657204722	0.254187425556352	2	1
AX-90638008	3	1409193	0.351851851851852	-0.0721046955879628	0.222604556891944	2	1
AX-91385424	3	1409217	0.238683127572016	-0.0206866836911759	0.721151163356905	2	1
AX-91441985	3	1409279	0.236625514403292	-0.025083359097463	0.668625722568726	2	1
SNP264852	3	1409279	0.189300411522634	-0.00051879608134032	0.992950046366727	C	T
AX-90592109	3	1409367	0.236625514403292	-0.025083359097463	0.668625722568726	2	1
AX-91405620	3	1409502	0.277777777777778	-0.0448134698036593	0.446817748579014	2	1
AX-90615340	3	1409718	0.489711934156379	0.056270508977606	0.332809310929326	1	2
AX-91553833	3	1409725	0.360082304526749	-0.0440395704272308	0.450526280479102	2	1
AX-90794095	3	1409783	0.360082304526749	-0.0440395704272308	0.450526280479102	2	1
AX-91553835	3	1410550	0.403292181069959	0.0417803272801493	0.46991768609473	1	2
AX-90794108	3	1410582	0.372427983539095	0.0588263023601563	0.310940811420279	1	2
SNP264861	3	1462005	0.329218106995885	0.0679926598180235	0.24070023077156	C	T
SNP264866	3	1462044	0.168724279835391	-0.0149576033858467	0.788225060037807	G	A
SNP264873	3	1462112	0.473251028806584	-0.0209504597207383	0.72326405495785	A	T
SNP264874	3	1462119	0.473251028806584	0.0124487161952573	0.828388644725707	A	G
SNP264876	3	1462146	0.271604938271605	0.0376625403601015	0.522571569960797	C	T
SNP264877	3	1462147	0.473251028806584	-0.0209504597207383	0.72326405495785	G	A
SNP264879	3	1462162	0.460905349794239	0.00559995131077265	0.922850653466099	T	C
AX-91553832	3	1462165	0.102880658436214	-0.066728962365518	0.241310825514064	2	1
SNP264880	3	1462165	0.0823045267489712	-0.0121472225199396	0.819848348379431	A	G
SNP264881	3	1464901	0.156378600823045	-0.0284804500824685	0.599796108889901	G	C
SNP264882	3	1464938	0.395061728395062	0.066968792682025	0.233532817675829	C	T
SNP264883	3	1464943	0.156378600823045	-0.0284804500824685	0.599796108889901	C	T
SNP264884	3	1465011	0.0534979423868313	-0.0150846750189649	0.78006620507923	T	A
SNP264885	3	1465012	0.0534979423868313	-0.0150846750189649	0.78006620507923	A	C
SNP264887	3	1465017	0.0534979423868313	-0.0150846750189649	0.78006620507923	C	A
SNP264888	3	1465019	0.0534979423868313	-0.0150846750189649	0.78006620507923	T	C
SNP264897	3	1465244	0.473251028806584	-0.048786934205395	0.416812831976332	C	T
SNP264901	3	1465443	0.111111111111111	-0.0760462387437517	0.203371782850462	T	G
SNP264903	3	1465537	0.0864197530864198	0.0103604498992964	0.845711775543387	T	C
SNP264904	3	1465546	0.201646090534979	0.0695297943963369	0.236039318673589	G	A
SNP264910	3	1465617	0.351851851851852	-0.0442819755711271	0.455082012828006	G	A
AX-90794102	3	1465917	0.450617283950617	0.0558896338752651	0.323998942402391	1	2
SNP264913	3	1466158	0.119341563786008	-0.0196443053567972	0.698077335214796	T	C
SNP264915	3	1466161	0.0987654320987654	0.0798237427516326	0.123342141009998	C	T
SNP264916	3	1466306	0.296296296296296	-0.0414648246612828	0.453182392401712	C	A
SNP264923	3	1467073	0.0534979423868313	0.0377833164440792	0.461668947752408	T	A
AX-90794116	3	1467145	0.197530864197531	-0.10990453740321	0.0592789062612447	2	1
SNP264926	3	1467145	0.181069958847737	-0.103948704968615	0.0786173611469905	A	C
SNP264927	3	1467154	0.106995884773663	-0.0399745083683078	0.512334749880832	A	C
SNP264928	3	1467156	0.106995884773663	-0.0399745083683078	0.512334749880832	C	G
PZE-103000668	3	1467202	0.0637860082304527	0.075889090083703	0.15383015198928	C	A
AX-90536802	3	1467202	0.230452674897119	-0.0746281167021134	0.186745610482208	2	1
SNP264930	3	1467202	0.0823045267489712	-0.0103867235783867	0.845510934637567	C	A
SNP264931	3	1467218	0.0823045267489712	-0.0530831275606723	0.320013372075024	C	T
SNP264936	3	1467254	0.283950617283951	0.0512972658184854	0.323089708186061	G	A
SNP264937	3	1467259	0.337448559670782	0.0275841153680825	0.605189418571754	T	A
SNP264938	3	1467316	0.236625514403292	0.0687779040642593	0.169822757202838	A	G
SNP264939	3	1467324	0.0843621399176955	-0.0424598778821975	0.460625827287654	C	T
SNP264941	3	1467362	0.230452674897119	-0.0371017457041044	0.50245507722523	C	G
SNP264942	3	1467363	0.220164609053498	-0.0191112516027035	0.731177666326513	A	C
SYN5839	3	1468409	0.417695473251029	0.118532136633762	0.0465256264641786	A	G
AX-91376689	3	1468409	0.421810699588477	0.115046691925068	0.0523381969788593	1	2
SNP264948	3	1468691	0.440329218106996	-0.0988308357460572	0.0790581195500786	G	T
SNP264951	3	1468725	0.372427983539095	-0.0481743708310544	0.406115055094608	C	A
SNP264952	3	1468737	0.423868312757202	-0.0748626298782273	0.195838648534091	T	A
SNP264954	3	1468793	0.246913580246914	-0.079940689771926	0.154198191781442	C	G
SNP264955	3	1468798	0.0740740740740741	-0.0334511984752829	0.57133114168221	T	C
SNP264956	3	1468838	0.345679012345679	-0.0741484352757159	0.180083304907883	T	C
SNP264957	3	1468839	0.0905349794238683	-0.0285934220589015	0.606088310258824	C	T
SNP264958	3	1468841	0.452674897119342	0.0616655462430718	0.242581272452613	C	T
SNP264964	3	1469060	0.39917695473251	-0.000546029314406473	0.992147842623164	A	C
AX-90794036	3	1469570	0.119341563786008	0.0151756171516459	0.788268657772133	2	1
AX-91553827	3	1469815	0.0761316872427984	0.0409104939814731	0.458428657782141	2	1
AX-91553839	3	1469884	0.15843621399177	-0.0257375158028849	0.662602601701375	2	1
AX-90794120	3	1469916	0.216049382716049	-0.0914131360452507	0.108734730734694	2	1
AX-90794105	3	1470440	0.0864197530864198	-0.0811017599913859	0.153131429307146	2	1
AX-91847034	3	1476419	0.211934156378601	-0.099153453279073	0.0751489917871477	2	1
PZE-103000729	3	1476553	0.205761316872428	-0.112193055947431	0.0446363909592721	A	G
AX-90536804	3	1476553	0.209876543209877	-0.0884149461053112	0.114685842398627	2	1
AX-90794111	3	1476698	0.207818930041152	-0.103154745308553	0.0642898235230348	2	1
SNP264970	3	1476764	0.390946502057613	0.0191224675893185	0.718625973248467	T	G
SNP264972	3	1476786	0.491769547325103	0.0142672244110812	0.794481858553948	T	A
SNP264973	3	1476803	0.0823045267489712	0.0312881957216163	0.536071123026028	T	C
SNP264974	3	1477366	0.302469135802469	-0.00312446803272641	0.955718427932919	A	C
SNP264975	3	1477367	0.302469135802469	-0.00312446803272641	0.955718427932919	T	A
SNP264976	3	1477391	0.312757201646091	-0.00603445770180158	0.915493175903272	C	A
SNP264977	3	1477471	0.0905349794238683	0.0312195507733279	0.576247455346558	G	T
SNP264979	3	1477492	0.0905349794238683	0.0312195507733279	0.576247455346558	A	G
AX-91553822	3	1477886	0.121399176954733	0.0538314982643804	0.350966819045687	2	1
AX-91553824	3	1477976	0.111111111111111	0.0417739746671594	0.464529208773005	2	1
AX-90794103	3	1478494	0.0925925925925926	0.010980739917328	0.843754673018406	2	1
AX-91405210	3	1478831	0.47119341563786	-0.0563612924856269	0.333636898875809	2	1
AX-91553828	3	1479029	0.0761316872427984	0.0239451006389701	0.64804309195265	2	1
SNP264980	3	1479225	0.228395061728395	-0.0858411885318399	0.135948255483441	T	G
SNP264981	3	1479236	0.228395061728395	-0.0858411885318399	0.135948255483441	T	C
SNP264983	3	1479251	0.146090534979424	0.000917094701661154	0.986590878397288	T	C
SNP264984	3	1479256	0.345679012345679	0.0447160312651781	0.451957353119052	A	T
AX-90615524	3	1481437	0.148148148148148	0.00340863569046296	0.950852420445903	2	1
SNP264986	3	1481595	0.290123456790123	-0.0125852285864182	0.812794381572069	T	G
SNP264989	3	1482036	0.333333333333333	-0.051665650381919	0.352965767768859	T	G
SNP264990	3	1482075	0.316872427983539	0.00500836928171392	0.929522859746415	C	G
AX-90615832	3	1482666	0.300411522633745	-0.0902605913763488	0.110228227503213	2	1
AX-90629785	3	1482790	0.267489711934156	-0.0611278958047672	0.287702377313532	2	1
AX-90794117	3	1484437	0.37037037037037	-0.052250835425108	0.353319889992017	2	1
SNP264993	3	1535631	0.125514403292181	0.0565832348488763	0.259720824244402	C	T
SNP264994	3	1535638	0.123456790123457	0.0603165786488802	0.231393128097662	A	G
SNP264995	3	1535644	0.123456790123457	0.0603165786488802	0.231393128097662	C	T
SNP264996	3	1535676	0.0576131687242798	0.0165552721579151	0.743960686833538	C	G
SNP264997	3	1535682	0.0946502057613169	-0.0251991168603094	0.654715159070028	T	C
SNP265000	3	1535719	0.425925925925926	0.0132965205078198	0.799363293774492	G	C
SNP265002	3	1535807	0.446502057613169	0.0137188728875202	0.792885022090141	G	A
SNP265003	3	1535808	0.0781893004115226	-0.0333919374686131	0.549683138433976	A	G
SNP265005	3	1535831	0.259259259259259	-0.0336137097151694	0.554365903857927	A	C
SNP265006	3	1535832	0.259259259259259	-0.0336137097151694	0.554365903857927	T	A
SNP265007	3	1535840	0.263374485596708	-0.0204614223657949	0.718510441007259	A	G
SNP265009	3	1535879	0.409465020576132	0.0323847477170936	0.531432836543259	A	T
SNP265010	3	1535880	0.407407407407407	0.0245025449227686	0.638221868980046	C	T
PZE-103000858	3	1535911	0.257201646090535	-0.066955174219396	0.244585131302754	C	T
AX-90536806	3	1535911	0.259259259259259	-0.0827533210398435	0.148204950368426	2	1
AX-90623792	3	1536818	0.368312757201646	-0.0602419549424774	0.261176958204947	2	1
AX-90794128	3	1537922	0.38477366255144	0.0381282604661416	0.490785342019296	1	2
AX-91414372	3	1538338	0.251028806584362	0.0613753821607073	0.265557159917521	2	1
AX-91414371	3	1538520	0.281893004115226	-0.102252085232853	0.0703871099238765	2	1
AX-90576590	3	1539137	0.353909465020576	0.0242214230065613	0.666243039611228	1	2
AX-90580760	3	1539220	0.133744855967078	0.0714692859598034	0.167109423063748	2	1
SNP265012	3	1539517	0.257201646090535	0.0383893645083557	0.488573819245324	A	G
PZE-103000883	3	1539571	0.246913580246914	0.0577607633272915	0.292680781768792	A	G
AX-90536807	3	1539571	0.251028806584362	0.0617734437983496	0.264046450389742	2	1
AX-90638050	3	1539617	0.251028806584362	0.0613753821607073	0.265557159917521	2	1
AX-91442028	3	1539679	0.0864197530864198	-0.00145639503891922	0.980490840444705	2	1
AX-90604523	3	1539849	0.279835390946502	0.0796677971642053	0.151260616220758	2	1
SNP265016	3	1539849	0.271604938271605	0.0720040720766934	0.195760184083295	G	A
SNP265018	3	1540066	0.37037037037037	0.0500674172865603	0.376700777175268	T	C
AX-90794138	3	1540680	0.497942386831276	0.0350184032963885	0.529848661843838	1	2
AX-90794126	3	1540961	0.497942386831276	0.0350184032963885	0.529848661843838	1	2
AX-90794122	3	1541001	0.380658436213992	0.0394234002015284	0.475685094869146	1	2
AX-90626553	3	1541250	0.0802469135802469	0.0435954145842998	0.405643495894545	2	1
AX-90626554	3	1541566	0.088477366255144	0.0235324465831494	0.655294489953374	2	1
AX-91410598	3	1541605	0.448559670781893	0.00682606062447787	0.902232074857694	2	1
AX-91443562	3	1541665	0.393004115226337	-0.00338223450100957	0.950407487874823	1	2
AX-91407900	3	1541716	0.448559670781893	0.00682606062447787	0.902232074857694	2	1
AX-91383829	3	1541750	0.351851851851852	0.0198864252802952	0.723388003462925	1	2
AX-90578965	3	1541791	0.48559670781893	-0.0215898278172952	0.702706554703804	2	1
AX-90603651	3	1541864	0.088477366255144	0.0235324465831494	0.655294489953374	2	1
AX-91383825	3	1541938	0.137860082304527	0.102950258807289	0.0490763961790144	2	1
AX-91553849	3	1542649	0.0905349794238683	0.0258283343344333	0.628636349794656	2	1
AX-90794136	3	1542790	0.088477366255144	0.0235324465831494	0.655294489953374	2	1
AX-90584499	3	1542951	0.125514403292181	-0.0179480403857819	0.738572174516168	2	1
AX-91389169	3	1542995	0.160493827160494	0.0466115983401502	0.377405190775893	2	1
AX-90598484	3	1543065	0.0905349794238683	0.0258283343344333	0.628636349794656	2	1
AX-90645369	3	1543222	0.0905349794238683	0.0258283343344333	0.628636349794656	2	1
AX-91402887	3	1543236	0.376543209876543	0.0357822847537636	0.519851706029052	1	2
AX-90598490	3	1543267	0.0905349794238683	0.0258283343344333	0.628636349794656	2	1
SYN5834	3	1544269	0.277777777777778	-0.0914943524543869	0.105605130633573	T	C
AX-91376688	3	1544269	0.281893004115226	-0.102252085232853	0.0703871099238765	2	1
SYN5844	3	1544569	0.360082304526749	0.0199164392194236	0.721483637162858	A	C
AX-90571756	3	1544569	0.353909465020576	0.0155268526971578	0.782235967085301	1	2
AX-91405197	3	1544698	0.0740740740740741	-0.0282468493161914	0.63639750487517	2	1
SYN5840	3	1544933	0.372427983539095	0.0239168746433197	0.667225276821162	A	G
SNP265024	3	1545058	0.251028806584362	0.00809374775082011	0.882202104910511	A	G
SNP265025	3	1545074	0.104938271604938	0.0568674078210697	0.296699854071915	T	C
SNP265026	3	1545104	0.333333333333333	0.029159302088085	0.60540087189816	T	G
SNP265027	3	1545110	0.238683127572016	0.030263666536985	0.547773997639026	A	G
PZE-103000909	3	1545365	0.366255144032922	0.0707381367151433	0.215085740896273	C	T
AX-90536808	3	1545365	0.366255144032922	0.071011276060217	0.214479987770139	2	1
SNP265033	3	1545450	0.329218106995885	0.0215023157797922	0.694171797702098	A	C
SNP265034	3	1545880	0.0617283950617284	0.0289679111145391	0.57051884236322	A	G
AX-91396960	3	1545946	0.320987654320988	0.0170424675424328	0.759285082572088	1	2
AX-91396959	3	1546025	0.432098765432099	0.0416688728628591	0.416821876548811	1	2
AX-91413162	3	1546165	0.0637860082304527	0.032558637054356	0.533670662591402	1	2
PZE-103000924	3	1546384	0.364197530864198	0.0331056874309821	0.547471594184611	C	A
AX-91341692	3	1546384	0.364197530864198	0.0331057010168029	0.547471450010497	1	2
SNP265037	3	1546384	0.353909465020576	0.0514349851219654	0.34773207509471	C	A
PZE-103000926	3	1546526	0.0534979423868313	-0.00865064856024169	0.869748857730694	A	G
AX-90536810	3	1546526	0.0534979423868313	-0.00865064856024155	0.869748857730696	2	1
AX-90794145	3	1546596	0.238683127572016	-0.0791890798326845	0.161649501316902	2	1
AX-90637302	3	1546775	0.253086419753086	-0.02465386997811	0.653985842936301	2	1
AX-90794154	3	1546829	0.234567901234568	0.0555680337831809	0.329785039718536	2	1
AX-91434589	3	1547048	0.193415637860082	0.0135308901574493	0.817484343050009	2	1
AX-90794134	3	1547143	0.244855967078189	-0.0521433354034923	0.352717849190746	2	1
AX-91407508	3	1547228	0.469135802469136	-0.0294806644379647	0.608727916405855	2	1
AX-90794155	3	1547399	0.170781893004115	0.00556662614673794	0.92394011639608	2	1
AX-90794156	3	1547508	0.259259259259259	0.00264331569507514	0.963590538651616	2	1
SNP265038	3	1547508	0.360082304526749	-0.0971035325730951	0.0662480691285966	T	C
AX-90794157	3	1547972	0.489711934156379	0.0123350408120947	0.831377976794428	1	2
AX-90583659	3	1548371	0.228395061728395	-0.000283616495804669	0.995904984510381	2	1
AX-91553846	3	1548809	0.339506172839506	0.0349498695522582	0.535202455452822	1	2
AX-90794127	3	1552313	0.312757201646091	0.0473285951804229	0.39673831289681	1	2
SYN6358	3	1552936	0.493827160493827	-0.0739810703986701	0.20546573003914	G	A
AX-90571946	3	1552936	0.487654320987654	-0.0668597256452905	0.247579714222938	2	1
AX-91404215	3	1553046	0.0946502057613169	-0.177325028037882	0.00152606459517348	2	1
AX-90794143	3	1553091	0.300411522633745	0.0377277030929941	0.515013225040836	2	1
AX-90613919	3	1553181	0.493827160493827	0.0623010883769176	0.266515300069918	1	2
SNP265044	3	1553288	0.0905349794238683	0.0321830021696193	0.575494710565491	C	T
SNP265045	3	1553309	0.0905349794238683	0.0321830021696193	0.575494710565491	C	T
AX-91451342	3	1553319	0.34156378600823	-0.089982201557435	0.103665847130673	2	1
SNP265046	3	1553319	0.34156378600823	-0.0670704398238565	0.214700218034727	T	G
SNP265047	3	1553403	0.123456790123457	-0.00562549125310316	0.920904907819448	G	A
AX-91451343	3	1553580	0.302469135802469	0.0568047975213745	0.29183134754247	2	1
AX-91423644	3	1554092	0.382716049382716	-0.0601879489707339	0.242612803525522	1	2
AX-90571944	3	1554135	0.38477366255144	-0.0639202409534109	0.215614874614424	1	2
AX-91437401	3	1554178	0.1440329218107	-0.012860185434765	0.822399442075583	2	1
AX-91409674	3	1554902	0.397119341563786	-0.0852772559281919	0.100489041963043	1	2
SYN6355	3	1554959	0.386831275720165	-0.0700469950547694	0.173933825043212	A	G
AX-90571945	3	1554959	0.390946502057613	-0.0699726763497575	0.175870745614203	1	2
AX-91429530	3	1555093	0.11522633744856	-0.0905775264487624	0.127500781055234	2	1
AX-91429528	3	1555139	0.174897119341564	0.0960999878948399	0.0690907744553625	2	1
AX-90611575	3	1555289	0.462962962962963	0.0778595457906322	0.144278927093514	2	1
SNP265052	3	1555815	0.275720164609054	0.0290712773900633	0.587286083411755	G	T
SNP265053	3	1555816	0.275720164609054	0.0290712773900633	0.587286083411755	T	G
SNP265058	3	1559941	0.296296296296296	0.0233115943112951	0.670616495244472	T	C
AX-90794133	3	1560323	0.312757201646091	-0.0812623279428511	0.142066926606026	1	2
SNP265065	3	1563355	0.123456790123457	-0.058158896123765	0.314959711441626	A	G
AX-90794140	3	1564931	0.495884773662552	-0.0210482242347962	0.708582605431025	2	1
AX-91213231	3	1566896	0.191358024691358	-0.0722164336461939	0.195833578457144	1	2
SNP265066	3	1567137	0.314814814814815	0.0594679925174151	0.264001361470681	A	G
SNP265067	3	1567139	0.263374485596708	0.0140751875892077	0.806260588643455	T	A
SNP265068	3	1567156	0.316872427983539	0.0556272334533277	0.29886461028591	C	T
SNP265069	3	1567158	0.415637860082305	-0.0751548873736917	0.192034098675987	A	G
SNP265070	3	1567165	0.316872427983539	0.0556272334533277	0.29886461028591	C	T
SNP265071	3	1567167	0.316872427983539	0.0556272334533277	0.29886461028591	G	A
AX-91553854	3	1567181	0.216049382716049	0.0474255982873129	0.370059509209872	2	1
AX-91213229	3	1568106	0.216049382716049	0.0474255982873129	0.370059509209872	2	1
SNP265078	3	1568429	0.152263374485597	-0.0455632287288301	0.398958141551283	C	T
SNP265079	3	1568467	0.218106995884774	0.0732092985571696	0.160828163627121	G	A
SNP265082	3	1568513	0.345679012345679	-0.137896702533755	0.0189055345457664	T	C
SNP265085	3	1568536	0.170781893004115	0.0972230499084394	0.0675011211549691	G	T
SNP265086	3	1568546	0.425925925925926	-0.0153327826405475	0.771651916380589	A	T
SNP265087	3	1568572	0.491769547325103	-0.0688178325389971	0.200357666564717	C	T
SNP265088	3	1568581	0.201646090534979	0.052318296129656	0.315205943839727	A	G
SNP265095	3	1571464	0.467078189300412	0.0240569931103714	0.656862528107573	T	G
SNP265096	3	1571470	0.479423868312757	0.0336708226345984	0.535017290528309	T	C
SNP265099	3	1571594	0.168724279835391	-0.0366917605720809	0.521335527317479	T	C
SNP265111	3	1571703	0.434156378600823	-0.00879958989708502	0.879919859276323	G	A
SNP265113	3	1571835	0.0864197530864198	-0.0995049556717175	0.0868229209187465	C	G
SNP265114	3	1571842	0.127572016460905	-0.039514380488795	0.499348439218912	A	G
AX-91553852	3	1572661	0.434156378600823	0.0156300253503808	0.766300065049323	2	1
AX-90794121	3	1572889	0.434156378600823	0.0156300253503808	0.766300065049323	2	1
AX-90794141	3	1573189	0.323045267489712	-0.0612390297220907	0.279267758672193	2	1
AX-90794153	3	1573301	0.316872427983539	-0.0612476449103824	0.278207454719305	2	1
AX-91553845	3	1573383	0.434156378600823	0.0156300253503808	0.766300065049323	2	1
AX-91553842	3	1573798	0.430041152263374	0.013903050580073	0.791528041603453	2	1
AX-90794147	3	1574231	0.111111111111111	-0.0925300959046518	0.101945086280607	2	1
AX-90794131	3	1574625	0.11522633744856	0.0994429971904444	0.05339607799241	2	1
AX-90794151	3	1576666	0.425925925925926	0.00863690585840991	0.868831180018504	2	1
AX-90794129	3	1577320	0.111111111111111	0.0995720634232984	0.052700749302549	2	1
SNP265122	3	1591296	0.267489711934156	0.0472641811795119	0.389705886987859	T	G
SNP265123	3	1591299	0.323045267489712	-0.100763340422553	0.0751001109917531	C	A
SNP265125	3	1591322	0.176954732510288	-0.030685980763609	0.562926630594726	C	T
SNP265126	3	1591330	0.267489711934156	0.0472641811795119	0.389705886987859	T	G
SNP265127	3	1591347	0.255144032921811	0.06341023909612	0.248078480931464	C	G
SNP265128	3	1591349	0.255144032921811	0.06341023909612	0.248078480931464	G	A
SNP265129	3	1591350	0.255144032921811	0.06341023909612	0.248078480931464	G	T
SNP265130	3	1591351	0.255144032921811	0.06341023909612	0.248078480931464	C	T
SNP265131	3	1591353	0.255144032921811	0.06341023909612	0.248078480931464	A	C
SNP265132	3	1591354	0.255144032921811	0.06341023909612	0.248078480931464	T	A
SNP265133	3	1591388	0.255144032921811	0.06341023909612	0.248078480931464	A	G
SNP265134	3	1591396	0.152263374485597	-0.065966364285637	0.264644832668092	C	G
AX-90794130	3	1591448	0.415637860082305	0.0173684510057153	0.740492889328734	2	1
AX-90794150	3	1591797	0.353909465020576	0.088401670524377	0.0966761276042003	1	2
AX-90794132	3	1591964	0.263374485596708	-0.0897619776826716	0.125082485270029	2	1
AX-91553844	3	1591989	0.465020576131687	0.0366060401178696	0.491989216445761	1	2
AX-90794142	3	1592507	0.113168724279835	-0.0707824694321357	0.253839485150979	2	1
AX-91553851	3	1592703	0.267489711934156	0.0490825458176764	0.373922563678976	2	1
SNP265136	3	1596922	0.440329218106996	0.0632324130567648	0.228542757328246	C	G
SNP265137	3	1596928	0.197530864197531	0.0637093696152778	0.224952758452302	C	G
SNP265139	3	1597208	0.065843621399177	-0.0870838788637128	0.106166401733472	T	C
SNP265140	3	1597210	0.0802469135802469	-0.0916411032294553	0.0812887750420038	A	G
SNP265141	3	1597211	0.0781893004115226	-0.0975028966818407	0.0627244086239371	C	T
SNP265142	3	1597214	0.382716049382716	-0.106553980026071	0.0761726209873148	G	C
SNP265145	3	1597267	0.230452674897119	-0.0582213769208321	0.304668366245706	G	C
SNP265152	3	1597356	0.0576131687242798	-0.0429728421974442	0.437130814286218	T	C
AX-90794139	3	1598639	0.0555555555555556	-0.0150431813115654	0.776959723218972	2	1
SNP265165	3	1598962	0.493827160493827	0.0400572637528656	0.468337678687978	C	G
SNP265167	3	1599018	0.493827160493827	0.0400572637528656	0.468337678687978	A	C
SNP265183	3	1601303	0.0617283950617284	0.0866626205997987	0.120734731268563	C	T
AX-90794173	3	1601384	0.197530864197531	-0.00961279386809702	0.866494726726619	2	1
AX-90794186	3	1601691	0.275720164609054	0.0889579241600577	0.106983076256918	2	1
AX-90794170	3	1601812	0.277777777777778	0.0900183511983366	0.102112918729209	2	1
AX-90794169	3	1601857	0.296296296296296	0.0866415505679368	0.113399752914673	2	1
AX-91389098	3	1602110	0.347736625514403	0.0545264845689005	0.312022090330038	2	1
AX-90584414	3	1602164	0.419753086419753	0.0846881141080134	0.119657489617978	2	1
SNP265187	3	1602274	0.259259259259259	0.0803523543434549	0.143481522271751	T	G
AX-90636347	3	1602785	0.39917695473251	0.0186307164165779	0.721926164882293	2	1
PZE-103001177	3	1602872	0.102880658436214	-0.0994375982928721	0.0858799989398256	T	C
AX-90536811	3	1602872	0.111111111111111	-0.0948837037221773	0.103030182359654	2	1
SNP265192	3	1602872	0.0987654320987654	-0.0999167025989353	0.0832846128407004	T	C
AX-90584416	3	1602965	0.111111111111111	-0.0948837037221773	0.103030182359654	2	1
AX-91389099	3	1602986	0.0823045267489712	0.0806604034643637	0.188579320406275	2	1
AX-91389094	3	1603020	0.111111111111111	-0.0948837037221773	0.103030182359654	2	1
AX-90636326	3	1603051	0.226337448559671	-0.0332269191043564	0.55524376624968	2	1
AX-91449829	3	1603073	0.226337448559671	-0.0332269191043564	0.55524376624968	2	1
SNP265195	3	1603166	0.251028806584362	-0.048402618479283	0.382219965921945	C	T
AX-91449831	3	1603262	0.176954732510288	0.0153831808308539	0.794510026379107	2	1
AX-90646006	3	1603546	0.0781893004115226	0.0997231348356861	0.0909198023323412	2	1
AX-90794184	3	1603830	0.135802469135802	0.0424868111455	0.465027405860907	2	1
SNP265196	3	1603830	0.135802469135802	0.0424868524698691	0.465026936402462	G	T
AX-90794172	3	1603872	0.135802469135802	0.0424868111455	0.465027405860907	2	1
SNP265197	3	1603872	0.135802469135802	0.0424868524698691	0.465026936402462	A	G
SNP265198	3	1604015	0.0699588477366255	-0.0396835860678799	0.483604906858314	G	T
AX-91553865	3	1606119	0.0781893004115226	0.000338732000684407	0.995254979700705	2	1
AX-90794159	3	1610424	0.288065843621399	0.0294135058462298	0.612147031018678	2	1
AX-90794175	3	1610529	0.193415637860082	0.00258880769938639	0.962325797451342	1	2
AX-91213233	3	1610614	0.306584362139918	0.0116336401470193	0.834808613751447	2	1
SNP265199	3	1610877	0.0967078189300411	-0.117854631364114	0.0434898942543423	A	G
SNP265200	3	1610903	0.0987654320987654	-0.130728075144668	0.0271723315858381	T	C
AX-91432739	3	1611006	0.388888888888889	-0.000900557915694173	0.98732019632046	2	1
SNP265207	3	1611104	0.106995884773663	-0.144617303203149	0.015309472977409	A	C
AX-90642779	3	1611156	0.267489711934156	0.0998352170269259	0.081673568436083	2	1
SNP265208	3	1611156	0.189300411522634	0.134461166643865	0.0169571815325075	A	C
AX-90637139	3	1611514	0.211934156378601	-0.03012831631424	0.581837045497649	1	2
AX-90637138	3	1611626	0.362139917695473	-0.0740311664711453	0.174496796340312	1	2
AX-91441085	3	1611628	0.362139917695473	-0.0740311664711453	0.174496796340312	1	2
AX-91391951	3	1611876	0.462962962962963	-0.131007142142935	0.0223689935534851	1	2
AX-91380556	3	1612018	0.277777777777778	-0.0989968218610942	0.075419558639733	1	2
AX-91413417	3	1612121	0.390946502057613	-0.012237626921524	0.823053640252572	2	1
AX-91413415	3	1612289	0.401234567901235	-0.0174152427911944	0.752985210544985	2	1
AX-91413416	3	1612402	0.148148148148148	0.0442809263713863	0.453528726605414	2	1
AX-90794176	3	1612547	0.127572016460905	0.0475333825062881	0.397293675467734	2	1
SNP265210	3	1613031	0.0781893004115226	0.0426150088332188	0.421545674293819	G	C
SNP265219	3	1613076	0.0905349794238683	0.0371470705813497	0.482358842778129	C	T
AX-90794165	3	1613148	0.446502057613169	0.0684836810456895	0.205809100912106	2	1
SNP265220	3	1613148	0.388888888888889	0.095194578549248	0.0809097742084642	G	C
AX-91448999	3	1613362	0.088477366255144	-0.0559513517257411	0.321636985026579	2	1
SNP265224	3	1613362	0.0617283950617284	-0.0402181690119555	0.437423793623788	A	G
SNP265225	3	1613904	0.0720164609053498	-0.0728748188565091	0.258419449847467	T	C
SNP265228	3	1613920	0.152263374485597	0.00364524921989616	0.945428734093945	C	G
SNP265229	3	1615510	0.345679012345679	-0.0213233268962575	0.69080584876556	A	G
SNP265230	3	1615513	0.148148148148148	0.0246160911762265	0.670975289783987	A	G
SNP265232	3	1615534	0.275720164609054	-0.0158805343970578	0.759719547537433	G	A
AX-90794183	3	1616301	0.467078189300412	0.0455150647890834	0.436818932548958	1	2
SNP265237	3	1616301	0.502057613168724	0.00939561503077275	0.873283407719073	C	T
AX-90585398	3	1616500	0.127572016460905	-0.0934921898941423	0.137268373808291	2	1
SNP265238	3	1628679	0.113168724279835	0.0132282333659823	0.80545424164882	A	G
SNP265239	3	1628692	0.34156378600823	0.0311919976684715	0.600405794423165	G	C
SNP265240	3	1628695	0.113168724279835	0.0132282333659823	0.80545424164882	C	T
SNP265241	3	1628709	0.236625514403292	0.0347895927919722	0.562369635601368	A	T
SNP265242	3	1628722	0.131687242798354	-0.056087596502606	0.331242579773026	T	C
AX-91553856	3	1628724	0.325102880658436	0.0117235565225838	0.846939845745366	1	2
SNP265243	3	1628724	0.34156378600823	0.0311919976684715	0.600405794423165	A	T
AX-90794160	3	1628757	0.320987654320988	0.0203237737792765	0.738063310239214	1	2
AX-90794162	3	1629024	0.325102880658436	0.0117235565225838	0.846939845745366	1	2
AX-91553858	3	1629125	0.325102880658436	0.0167513545998142	0.784762071539119	1	2
SNP265249	3	1629597	0.15843621399177	-0.00948421165203808	0.861509885042319	C	G
SNP265250	3	1629603	0.15843621399177	-0.00948421165203808	0.861509885042319	A	C
SNP265252	3	1629978	0.0823045267489712	0.0556509637784527	0.262360095836363	T	G
SNP265263	3	1630509	0.288065843621399	-0.00168286675013963	0.976924106820373	C	G
SNP265268	3	1630891	0.187242798353909	-0.000390905965367188	0.993888186973722	G	C
SNP265269	3	1630896	0.497942386831276	-0.11108716555492	0.0323458876871097	C	T
PZA00134.12	3	1631019	0.104938271604938	0.0119623418297183	0.819763735969526	A	G
AX-90527344	3	1631019	0.104938271604938	0.015764784242084	0.763852448384922	2	1
SNP265276	3	1631019	0.0925925925925926	0.0305014495932766	0.556721416571444	A	G
SNP265280	3	1631077	0.0864197530864198	0.0278370932599591	0.595208820454261	T	G
AX-90794167	3	1631866	0.137860082304527	0.0211201169208868	0.699717410501926	2	1
SNP265285	3	1633236	0.292181069958848	-0.00652099166226618	0.904447524885455	C	G
SNP265286	3	1633239	0.292181069958848	-0.00652099166226618	0.904447524885455	C	G
SNP265287	3	1633277	0.329218106995885	-0.0207211236975441	0.705200202448998	G	C
SNP265289	3	1633316	0.42798353909465	-0.00930377564770991	0.864293950812895	C	G
SNP265290	3	1633331	0.0946502057613169	0.0537001880686266	0.339677324653685	G	C
SNP265291	3	1633355	0.34156378600823	-0.0133894417390727	0.808971408593549	C	G
SNP265292	3	1633512	0.0905349794238683	0.145462531763636	0.00459444342160382	T	G
AX-90794181	3	1673431	0.0946502057613169	-0.0832170040431905	0.151642652422467	2	1
AX-90627329	3	1673604	0.261316872427984	0.0320140508721505	0.56730533125868	2	1
PZE-103001291	3	1673703	0.207818930041152	0.0311172639558369	0.585182346390514	T	C
AX-90536813	3	1673703	0.211934156378601	0.035715613861915	0.523700457878307	2	1
SNP265307	3	1673703	0.164609053497942	0.0888947250150775	0.0956493678863422	A	G
AX-90604676	3	1674412	0.269547325102881	0.0592336780659612	0.309356829702032	2	1
AX-91553870	3	1675547	0.331275720164609	0.0361582513509714	0.526992154459238	2	1
AX-90794180	3	1675740	0.304526748971193	0.0422318790839411	0.45666259160734	2	1
AX-91213234	3	1675973	0.329218106995885	0.0288063020666747	0.60754090254745	2	1
AX-90645997	3	1676167	0.179012345679012	-0.0287336936962844	0.623530538122918	2	1
AX-91553860	3	1676232	0.0720164609053498	0.117506946378806	0.025342871934549	2	1
AX-90794178	3	1676404	0.15843621399177	0.0015212180284332	0.9787208875318	2	1
AX-91553863	3	1676698	0.111111111111111	0.0472321517988544	0.383221202702799	2	1
AX-91213236	3	1677361	0.238683127572016	0.0331053537021905	0.571347645028135	2	1
SNP265313	3	1678064	0.0864197530864198	-0.0139006352516849	0.815569753815132	T	G
SNP265323	3	1683199	0.152263374485597	-0.102570279322236	0.0764571322594185	A	G
SNP265325	3	1683242	0.234567901234568	-0.035793778648674	0.52446945614862	G	A
SNP265326	3	1683243	0.234567901234568	-0.035793778648674	0.52446945614862	A	T
SNP265327	3	1683245	0.230452674897119	-0.0400825947168763	0.475648238848645	A	T
SNP265328	3	1683246	0.246913580246914	-0.0429202144192938	0.445641900201163	C	T
SNP265332	3	1683266	0.0740740740740741	0.0635333273021386	0.228894659709086	G	C
SNP265334	3	1683291	0.0740740740740741	0.0635333273021386	0.228894659709086	C	T
SNP265335	3	1683293	0.0740740740740741	0.0635333273021386	0.228894659709086	A	C
AX-91553872	3	1683673	0.497942386831276	0.0833566544236758	0.155807623955524	1	2
AX-91553862	3	1684308	0.246913580246914	-0.0743644809410473	0.208763435431664	2	1
AX-90595184	3	1684736	0.246913580246914	0.027448370906054	0.621337361772006	1	2
AX-91432764	3	1684877	0.238683127572016	0.0292133313479197	0.603176509760505	1	2
AX-90628840	3	1684962	0.436213991769547	0.0352885827761439	0.509017887031164	2	1
AX-90642807	3	1685030	0.232510288065844	0.0364157769694133	0.514545818765727	1	2
AX-91553869	3	1686051	0.0987654320987654	0.148397771097265	0.00536322662879227	2	1
AX-90794185	3	1686165	0.318930041152263	0.0335889496889192	0.558451367640686	2	1
AX-91416629	3	1686709	0.294238683127572	0.0336161297434893	0.553366281118098	2	1
PUT-163a-71320057-3160	3	1686795	0.452674897119342	0.0667448539534592	0.238213258096318	G	A
AX-91331561	3	1686795	0.458847736625515	0.0631508273201733	0.267302220678258	1	2
SNP265340	3	1687981	0.0576131687242798	0.0230920563931247	0.647510083222092	A	G
SNP265341	3	1687988	0.0576131687242798	0.0230920563931247	0.647510083222092	T	C
SNP265342	3	1687989	0.0576131687242798	0.0230920563931247	0.647510083222092	T	C
SNP265343	3	1687990	0.0576131687242798	0.0230920563931247	0.647510083222092	G	T
SNP265344	3	1687997	0.0576131687242798	0.0230920563931247	0.647510083222092	A	G
AX-91553859	3	1688208	0.106995884773663	-0.105547256551685	0.0739415885012894	2	1
SNP265345	3	1690494	0.251028806584362	0.088160313477955	0.102569726904609	G	A
SNP265348	3	1690531	0.251028806584362	0.088160313477955	0.102569726904609	C	G
SNP265350	3	1690669	0.0576131687242798	0.0260351678874713	0.577418350778944	G	A
AX-91847038	3	1690673	0.111111111111111	-0.056940246878282	0.292224835265548	2	1
SNP265351	3	1690673	0.065843621399177	0.0447609918289014	0.350872929206015	G	A
SNP265354	3	1690739	0.065843621399177	0.0772809864333286	0.111633451986116	C	A
AX-90612019	3	1690781	0.0843621399176955	0.084680321000004	0.087612447982137	2	1
SNP265355	3	1690805	0.364197530864198	0.00692752810070267	0.90197069296939	T	A
SNP265359	3	1690944	0.469135802469136	0.015953840674578	0.773898526622325	G	C
SNP265360	3	1690966	0.251028806584362	-0.0543570468566949	0.327237681341522	T	C
SNP265361	3	1691408	0.102880658436214	-0.0931822601168307	0.104236659136813	G	A
AX-90583415	3	1691443	0.218106995884774	-0.0568863290693709	0.30805566237845	2	1
SNP265362	3	1691443	0.234567901234568	-0.0570660744998467	0.297039296839953	G	T
AX-91388172	3	1691507	0.271604938271605	-0.115141134366115	0.0340961829208458	2	1
SNP265367	3	1691708	0.296296296296296	-0.111215117354144	0.0396240217393906	C	A
AX-91383285	3	1691741	0.0905349794238683	-0.00201657787176956	0.97189277901673	2	1
SNP265369	3	1691847	0.34156378600823	-0.0999202254895573	0.0683589212506018	T	C
SNP265370	3	1691855	0.0905349794238683	-0.0317652850472306	0.591128810837216	T	C
SNP265372	3	1692122	0.109053497942387	0.0206780782024856	0.6911462171584	C	A
PZE-103001192	3	1692738	0.345679012345679	-0.0339558873492549	0.53209433962355	T	C
AX-90536812	3	1692738	0.345679012345679	-0.0339558873492548	0.532094339623571	1	2
AX-91213235	3	1694135	0.156378600823045	-0.0398305651701459	0.496237460482387	2	1
AX-91213238	3	1709622	0.123456790123457	0.0106463874334798	0.854209129580631	2	1
SNP265375	3	1709682	0.111111111111111	-0.030881668125313	0.603657833358112	A	C
SNP265376	3	1709685	0.0534979423868313	-0.135174134251587	0.0100845215412829	G	A
SNP265377	3	1709695	0.0534979423868313	-0.135174134251587	0.0100845215412829	G	C
SNP265378	3	1709701	0.111111111111111	-0.030881668125313	0.603657833358112	A	C
SNP265379	3	1709702	0.111111111111111	-0.030881668125313	0.603657833358112	A	T
SNP265380	3	1709704	0.111111111111111	-0.030881668125313	0.603657833358112	A	T
SNP265381	3	1709705	0.111111111111111	-0.030881668125313	0.603657833358112	A	C
SNP265382	3	1709706	0.111111111111111	-0.030881668125313	0.603657833358112	A	C
SNP265383	3	1709708	0.111111111111111	-0.030881668125313	0.603657833358112	A	G
SNP265384	3	1709709	0.111111111111111	-0.030881668125313	0.603657833358112	T	G
AX-90794202	3	1710009	0.152263374485597	-0.0475340829293801	0.405630281122079	2	1
AX-91213240	3	1711009	0.148148148148148	0.0264426499623789	0.625265056067516	2	1
AX-90794204	3	1711419	0.255144032921811	-0.0528477967204658	0.323571668797174	1	2
AX-90794205	3	1711729	0.213991769547325	0.022683147483988	0.679653882788324	1	2
SNP265388	3	1711729	0.205761316872428	0.0182929726971233	0.737655768273232	G	C
SNP265392	3	1711747	0.351851851851852	0.10135344295054	0.0679076315872711	T	G
SNP265401	3	1711769	0.351851851851852	0.10135344295054	0.0679076315872711	G	C
SNP265406	3	1711822	0.0761316872427984	-0.159867386053323	0.00317331547925605	G	T
SNP265407	3	1711851	0.450617283950617	0.0405816880066307	0.462165706076147	C	A
SNP265408	3	1711852	0.440329218106996	0.0378600342923804	0.497211245226914	A	C
SNP265409	3	1711857	0.405349794238683	0.0568620191571244	0.317960763963622	A	G
SNP265411	3	1711868	0.469135802469136	0.0293792694349197	0.594655895596394	G	C
SNP265413	3	1711898	0.11522633744856	-0.0456576601550706	0.421867218914548	G	C
SNP265417	3	1712242	0.0740740740740741	0.00787146014337109	0.885696841025116	A	T
SNP265418	3	1712247	0.0740740740740741	0.00787146014337109	0.885696841025116	A	C
SNP265429	3	1712270	0.320987654320988	-0.00123676987474657	0.982226537464293	C	G
AX-90794190	3	1712963	0.162551440329218	-0.048288093963413	0.409851070813189	2	1
SNP265431	3	1713644	0.0740740740740741	-0.0539503966087434	0.363824829895617	A	C
SYNGENTA16192	3	1713720	0.232510288065844	-0.112512872286835	0.0625093625130562	T	C
SNP265432	3	1713763	0.234567901234568	0.00724791393651298	0.892304507097975	C	T
SNP265434	3	1713785	0.393004115226337	0.0651037730378208	0.225513679424929	T	G
AX-91553878	3	1714650	0.401234567901235	-0.0758301878657599	0.209656118645454	2	1
PZE-103001531	3	1715669	0.277777777777778	-0.130421174436828	0.0257834558451953	A	G
AX-91553876	3	1717213	0.065843621399177	-0.16603958531901	0.00411110689738178	2	1
AX-90794197	3	1718172	0.39917695473251	0.135702098734961	0.00662531249063176	2	1
AX-90794195	3	1718654	0.279835390946502	-0.0886630175920291	0.129104213837379	2	1
AX-91553886	3	1718681	0.106995884773663	0.0411831917578823	0.462557639203741	2	1
SNP265439	3	1721348	0.0555555555555556	-0.189196275084145	0.000546067419166675	T	A
SNP265442	3	1721374	0.368312757201646	-0.157699095900693	0.00398706377178528	C	T
SNP265444	3	1721393	0.393004115226337	0.135525524948151	0.00573838107831582	T	G
SNP265445	3	1721394	0.292181069958848	-0.0969254843295857	0.0961780457544585	A	G
SNP265450	3	1721618	0.0617283950617284	-0.113650779670141	0.0264494198622803	G	A
SNP265452	3	1721621	0.228395061728395	-0.0215523533058439	0.682018879844872	A	C
SNP265454	3	1721803	0.0534979423868313	-0.181186020520666	0.000625932749513657	T	C
SNP265455	3	1721814	0.0534979423868313	-0.181186020520666	0.000625932749513657	T	C
SNP265457	3	1721823	0.230452674897119	-0.0231425273355141	0.665766286628843	A	G
AX-90794210	3	1722063	0.170781893004115	-0.0634880528846101	0.278855941461864	2	1
AX-90794192	3	1722517	0.491769547325103	0.127654071180687	0.0150336441402705	2	1
SNP265461	3	1722714	0.0699588477366255	-0.223252865093229	9.98741719249366e-05	G	A
SNP265463	3	1722828	0.0740740740740741	-0.196130103871464	0.000524738835998729	A	T
AX-90794216	3	1723155	0.065843621399177	-0.16603958531901	0.00411110689738178	2	1
AX-91400469	3	1724181	0.495884773662552	-0.137167870543296	0.00829480632948646	1	2
AX-90794194	3	1724214	0.17283950617284	-0.0691986145464831	0.241862142858189	2	1
SNP265470	3	1724748	0.201646090534979	0.011104709032483	0.85111510860434	T	C
SNP265471	3	1724790	0.411522633744856	-0.0969206108487113	0.070220270036811	A	G
AX-90577076	3	1725644	0.193415637860082	-0.109226897129765	0.072842081480678	2	1
SNP265473	3	1725853	0.454732510288066	0.0167552554807199	0.762739131444777	G	T
AX-91396602	3	1725856	0.460905349794239	-0.010446598787279	0.851892128797474	1	2
SNP265474	3	1725856	0.454732510288066	0.0167552554807199	0.762739131444777	T	C
AX-90621682	3	1726738	0.209876543209877	-0.10636333376349	0.0734283985888	2	1
SNP265480	3	1726738	0.213991769547325	-0.108730552421366	0.0681849213171884	C	T
AX-90794209	3	1731181	0.358024691358025	0.0880440165830769	0.107087167407005	2	1
SNP265502	3	1732088	0.189300411522634	-0.0988281903816563	0.0925629704552419	C	G
SNP265503	3	1732089	0.189300411522634	-0.0988281903816563	0.0925629704552419	A	C
AX-91411674	3	1732135	0.183127572016461	-0.128928023545697	0.0280467855123283	2	1
SNP265504	3	1732173	0.0781893004115226	-0.0577796084012876	0.344559856484676	T	C
SNP265505	3	1732176	0.0781893004115226	-0.0577796084012876	0.344559856484676	T	C
SNP265506	3	1732191	0.0452674897119342	-0.0093976598569422	0.866687137003924	T	A
SNP265507	3	1732194	0.0452674897119342	-0.0093976598569422	0.866687137003924	G	T
SNP265508	3	1732198	0.0452674897119342	-0.0093976598569422	0.866687137003924	G	A
SNP265509	3	1732199	0.0452674897119342	-0.0093976598569422	0.866687137003924	T	C
SNP265510	3	1732212	0.0452674897119342	-0.0093976598569422	0.866687137003924	C	T
AX-90581333	3	1732228	0.187242798353909	-0.122497459504884	0.0363230748905041	2	1
AX-90794220	3	1732748	0.0720164609053498	-0.0425138840715739	0.476347388864131	2	1
AX-90794218	3	1766990	0.0740740740740741	-0.0725136651309716	0.228529961974052	2	1
SNP265518	3	1768123	0.065843621399177	-0.0386235596156899	0.511945253373398	A	T
AX-91553883	3	1768144	0.246913580246914	-0.112430380390124	0.0603426714557926	2	1
SNP265519	3	1768144	0.251028806584362	-0.113394371245759	0.0596905869921345	C	T
SNP265527	3	1769076	0.168724279835391	-0.0948999591297678	0.106285055811193	A	C
AX-90794217	3	1769981	0.0740740740740741	-0.0419669451614241	0.482842931833074	2	1
AX-90794201	3	1770194	0.242798353909465	-0.0999273494580545	0.0965903137605969	2	1
AX-90794219	3	1770589	0.244855967078189	-0.094523574508385	0.11412191031101	2	1
AX-91213237	3	1771080	0.244855967078189	-0.094523574508385	0.11412191031101	2	1
AX-91553882	3	1771610	0.0740740740740741	-0.0419669451614241	0.482842931833074	2	1
AX-91428771	3	1771774	0.0740740740740741	-0.0419669451614241	0.482842931833074	2	1
SNP265529	3	1772240	0.189300411522634	-0.0795512853355836	0.176915143979673	A	T
AX-91415033	3	1772521	0.0740740740740741	-0.0419669451614241	0.482842931833074	2	1
AX-90610818	3	1772992	0.0720164609053498	-0.0425138840715739	0.476347388864131	2	1
PZE-103001622	3	1773319	0.0720164609053498	-0.0425138840715741	0.47634738886415	A	G
AX-90536819	3	1773319	0.0740740740740741	-0.0419669451614241	0.482842931833074	2	1
SNP265536	3	1773452	0.0576131687242798	-0.018135819221637	0.755529916339863	C	T
SNP265542	3	1773500	0.0534979423868313	0.0144175256290838	0.807892281503144	A	G
SNP265547	3	1773564	0.251028806584362	-0.0932291309347707	0.122974401986331	G	T
AX-91451444	3	1774727	0.0720164609053498	-0.0425138840715739	0.476347388864131	2	1
AX-90794211	3	1775319	0.0761316872427984	-0.0341992852382879	0.564349441169067	2	1
AX-91553885	3	1775648	0.271604938271605	-0.0402725428804265	0.480960404195669	2	1
PZE-103001626	3	1775697	0.271604938271605	-0.0402725428804266	0.480960404195667	C	A
AX-90536820	3	1775697	0.269547325102881	-0.04176487110352	0.46571085670992	2	1
SNP265550	3	1775697	0.267489711934156	-0.0440725577239886	0.438925595672234	C	A
SNP265553	3	1775720	0.0967078189300411	0.0433511384807699	0.415992237123596	C	T
SNP265554	3	1775728	0.0925925925925926	0.0655925164785944	0.217989290340347	G	A
SNP265563	3	1845669	0.168724279835391	-0.0168746838892702	0.76808705377497	T	C
SNP265564	3	1845672	0.362139917695473	-0.0486874325263615	0.402672030945158	G	C
SNP265566	3	1845714	0.39917695473251	-0.0951555426182984	0.0945378807745166	G	C
AX-91836818	3	1848024	0.1440329218107	-0.0351277252531688	0.567457468767906	2	1
AX-90582895	3	1848088	0.185185185185185	-0.0548313147594953	0.291806986759923	2	1
AX-91387686	3	1848091	0.181069958847737	-0.0497334416284969	0.341050548325753	2	1
SNP265576	3	1848414	0.374485596707819	-0.118294311284925	0.0291294427388875	T	C
SNP265581	3	1848499	0.051440329218107	0.0788386141920349	0.100298577329168	T	G
AX-91553898	3	1851247	0.160493827160494	-0.0954430574576395	0.0884490483629097	2	1
SNP265583	3	1851247	0.162551440329218	-0.111264084075751	0.0462002749498851	A	G
SYN13532	3	1851914	0.259259259259259	-0.125633750105867	0.0246275978352717	T	C
AX-90562168	3	1851914	0.248971193415638	-0.123535864633894	0.0229185736088383	2	1
AX-91385927	3	1852126	0.148148148148148	-0.111567410287814	0.0478977049718049	2	1
SNP265584	3	1852151	0.0534979423868313	-0.040432255037538	0.481613719075727	G	C
AX-90580995	3	1852195	0.203703703703704	-0.00120817826563799	0.98261383716971	2	1
SYN13533	3	1852210	0.119341563786008	-0.0827095949515087	0.170484946314351	T	C
AX-91367090	3	1852210	0.11522633744856	-0.076392753524764	0.199969472309546	2	1
SNP265585	3	1852219	0.0823045267489712	0.0197572455729227	0.735420465708198	G	A
AX-90580999	3	1852254	0.109053497942387	-0.011121273459973	0.835654274315543	2	1
SNP265587	3	1852254	0.109053497942387	-0.0156644882133343	0.762782539404646	T	C
SYN13535	3	1852282	0.121399176954733	-0.0695883776264216	0.247823218916251	T	G
AX-90562171	3	1852282	0.117283950617284	-0.0824919715539601	0.170809223483198	2	1
SNP265591	3	1852341	0.366255144032922	-0.0500866644792692	0.339244044816465	A	G
SNP265592	3	1852343	0.154320987654321	-0.0379075563823093	0.447901248114212	A	C
SNP265593	3	1852357	0.493827160493827	-0.104400348479512	0.0542365130446202	A	G
SYN13534	3	1852756	0.296296296296296	-0.016943265784441	0.777634802735971	T	C
AX-90562170	3	1852756	0.292181069958848	-0.0149812240960949	0.802031688368962	2	1
AX-90636495	3	1852879	0.458847736625515	0.126457653351112	0.0238020256130318	1	2
AX-90794232	3	1853135	0.415637860082305	-0.0665229372332717	0.256512171980613	2	1
AX-91426622	3	1853306	0.411522633744856	-0.064655251498497	0.269872637730875	2	1
AX-90794243	3	1853349	0.41358024691358	-0.063234559089357	0.279592272124273	2	1
AX-91412778	3	1853429	0.415637860082305	-0.0665229372332717	0.256512171980613	2	1
AX-91553897	3	1854147	0.415637860082305	-0.0665229372332717	0.256512171980613	2	1
AX-90600076	3	1854242	0.275720164609054	-0.00282624488470869	0.961641285055296	2	1
AX-91404460	3	1854270	0.417695473251029	-0.0665848281906704	0.255433364152826	2	1
AX-90586090	3	1854304	0.415637860082305	-0.0665229372332717	0.256512171980613	2	1
SNP265598	3	1854551	0.0740740740740741	-0.101957731493387	0.0989707227146883	A	G
SNP265607	3	1854639	0.415637860082305	-0.0822458152281017	0.158261461538456	G	T
SNP265608	3	1854651	0.423868312757202	-0.0799052313019995	0.168773990966806	A	G
AX-90794233	3	1854683	0.411522633744856	-0.064655251498497	0.269872637730875	2	1
SNP265610	3	1854683	0.423868312757202	-0.0799052313019995	0.168773990966806	C	A
AX-91553902	3	1854717	0.415637860082305	-0.0665229372332717	0.256512171980613	2	1
AX-90794234	3	1854752	0.41358024691358	-0.063234559089357	0.279592272124273	2	1
AX-91411624	3	1855151	0.41358024691358	-0.063234559089357	0.279592272124273	2	1
AX-90642778	3	1855192	0.415637860082305	-0.0665229372332717	0.256512171980613	2	1
AX-91386690	3	1855207	0.279835390946502	-0.0046448733451078	0.937229002497582	2	1
AX-91553900	3	1855436	0.415637860082305	-0.0665229372332717	0.256512171980613	2	1
AX-90794247	3	1855558	0.127572016460905	-0.121452337804591	0.0394043241414098	2	1
AX-90794252	3	1855631	0.390946502057613	-0.0464471555273778	0.428164577126083	2	1
AX-91427888	3	1855643	0.415637860082305	-0.0665229372332717	0.256512171980613	2	1
AX-90623903	3	1855684	0.390946502057613	-0.0464471555273778	0.428164577126083	2	1
AX-91427886	3	1855687	0.386831275720165	-0.0586270554445483	0.315750450639495	2	1
AX-90646665	3	1855722	0.417695473251029	-0.0643140728472268	0.269831266995896	2	1
AX-90794229	3	1856084	0.415637860082305	-0.0665229372332717	0.256512171980613	2	1
AX-91402660	3	1856523	0.382716049382716	-0.0666334584171283	0.260198179479408	2	1
AX-91553899	3	1856611	0.415637860082305	-0.0665229372332717	0.256512171980613	2	1
SNP265613	3	1881088	0.0987654320987654	0.0308748413107947	0.551547986299225	T	A
SNP265614	3	1881094	0.106995884773663	0.0475750953155734	0.348091498191416	A	T
SNP265619	3	1881162	0.234567901234568	0.0359355490898284	0.493260908488829	C	T
SNP265621	3	1881165	0.197530864197531	0.0202496493946021	0.710160901928335	A	C
SNP265622	3	1881166	0.234567901234568	0.0359355490898284	0.493260908488829	C	G
SNP265624	3	1881235	0.0781893004115226	-0.0029565292366513	0.959534407088204	G	C
SNP265625	3	1881591	0.226337448559671	0.0292199215514947	0.619340292184144	T	G
SNP265626	3	1881724	0.111111111111111	-0.0199129334347833	0.703259857213311	T	G
SNP265627	3	1881754	0.131687242798354	0.0496163299026052	0.354920773645153	C	G
SNP265631	3	1881865	0.475308641975309	-0.0483264293721863	0.362436213791456	A	C
SNP265633	3	1881883	0.189300411522634	0.0146964003184477	0.782551893227713	A	C
SNP265634	3	1882119	0.0740740740740741	-0.0780500484899218	0.191202632847885	A	T
SNP265637	3	1882150	0.230452674897119	-0.0635649042689156	0.232149688809256	C	A
SNP265641	3	1882162	0.17283950617284	-0.0497561606077751	0.340623682981466	C	G
SNP265643	3	1882166	0.331275720164609	0.024597574670177	0.661699654639725	C	T
SNP265644	3	1882172	0.17283950617284	-0.0497561606077751	0.340623682981466	C	T
AX-91553904	3	1882295	0.234567901234568	0.0602747074376408	0.298237648202922	2	1
AX-90794236	3	1882340	0.11522633744856	0.0279751106718548	0.592928652899122	2	1
AX-90794228	3	1882785	0.135802469135802	-0.00303827844641802	0.956393650243683	2	1
AX-90794245	3	1883540	0.34156378600823	-0.0636872060680972	0.257046274917813	2	1
AX-91213242	3	1883963	0.493827160493827	-0.0267120100263901	0.617568825369758	2	1
AX-90794251	3	1884188	0.376543209876543	0.0480922413773947	0.367964406650485	2	1
AX-91847040	3	1884197	0.374485596707819	0.0412704008797636	0.439824904191285	2	1
AX-91553901	3	1884468	0.491769547325103	-0.125667738425364	0.0174470032626525	1	2
SNP265657	3	1884542	0.123456790123457	0.128586258793037	0.0177630218483721	G	A
SNP265659	3	1884621	0.148148148148148	0.128712043631967	0.0191977811305584	C	A
SNP265661	3	1884632	0.148148148148148	0.128712043631967	0.0191977811305584	G	A
AX-91213243	3	1884681	0.337448559670782	0.0649981052763752	0.203739424207604	2	1
AX-90794242	3	1884794	0.203703703703704	0.0453966677659266	0.371745235554447	2	1
PZA00615.3	3	1885957	0.148148148148148	0.0230627545547547	0.666452414598849	A	G
AX-91332363	3	1885957	0.152263374485597	0.0191343860721103	0.719189165519954	2	1
AX-90625139	3	1886210	0.343621399176955	0.0552254872788234	0.282899860583437	2	1
AX-91443011	3	1886675	0.135802469135802	0.033827237051747	0.518675656055594	2	1
AX-90794227	3	1888079	0.201646090534979	0.0346481433796461	0.491833923119353	2	1
AX-91423702	3	1888534	0.11522633744856	0.0517550236763139	0.326476853339108	2	1
AX-91847042	3	1889566	0.333333333333333	0.0640604239390913	0.212515911424391	2	1
SNP265666	3	1890784	0.125514403292181	0.0264949097019744	0.618420794778472	A	G
AX-90794248	3	1892454	0.131687242798354	0.119312555467778	0.02765476687948	2	1
AX-90794224	3	1895870	0.113168724279835	0.0519453055908016	0.324390211493415	2	1
SNP265669	3	1896754	0.271604938271605	-0.0431531711158748	0.416547767862157	A	C
SNP265673	3	1896780	0.193415637860082	0.0574043899771493	0.247778794926179	G	A
SNP265677	3	1896802	0.199588477366255	0.0618957229532738	0.218712532200631	A	G
SNP265679	3	1896809	0.199588477366255	0.0618957229532738	0.218712532200631	T	C
SNP265682	3	1896826	0.199588477366255	0.0618957229532738	0.218712532200631	A	G
SNP265683	3	1896827	0.265432098765432	0.115520418777127	0.0319897160470907	T	C
AX-91213244	3	1899790	0.316872427983539	0.0643663217589153	0.208224003763593	2	1
AX-90794270	3	1900074	0.343621399176955	0.0537238144739557	0.294160543262128	2	1
AX-90794269	3	1900202	0.117283950617284	0.0474793508975064	0.372564832236924	2	1
AX-90632662	3	1900364	0.288065843621399	-0.04854855168835	0.356690821846075	1	2
AX-90632663	3	1900400	0.11522633744856	0.0517550236763139	0.326476853339108	2	1
AX-90632664	3	1900460	0.113168724279835	0.0519453055908016	0.324390211493415	2	1
SNP265689	3	1900492	0.0905349794238683	0.0834084208887492	0.11253669123765	C	A
AX-90632661	3	1900610	0.146090534979424	0.014246661848205	0.788180074833297	2	1
SNP265691	3	1900638	0.127572016460905	0.0275608055372025	0.603519985808193	C	G
AX-90794257	3	1900701	0.1440329218107	0.019711734675067	0.710856267087748	2	1
SNP265693	3	1900701	0.150205761316872	0.0262483905676496	0.623258148644885	A	G
SNP265694	3	1900715	0.148148148148148	0.0209316113563606	0.694471338628738	A	G
SNP265695	3	1900730	0.12962962962963	0.0261440869589748	0.624579397982548	A	G
AX-91553918	3	1900779	0.267489711934156	-0.0519273867906153	0.341946094933423	1	2
SNP265703	3	1900779	0.248971193415638	-0.0456937480137043	0.389687101955366	T	C
AX-91553930	3	1901165	0.11522633744856	0.0517550236763139	0.326476853339108	2	1
AX-91553932	3	1901247	0.261316872427984	-0.133892988642209	0.0222508025207518	2	1
AX-91553924	3	1901360	0.135802469135802	0.112353350002428	0.038895645131831	2	1
AX-91553933	3	1959327	0.131687242798354	-0.0583239240225577	0.328352550537452	2	1
AX-91553919	3	1961062	0.111111111111111	0.0502025505407648	0.33937866798122	2	1
AX-91553916	3	1962876	0.156378600823045	0.106715537336955	0.0564342569404873	2	1
AX-91553914	3	1962954	0.139917695473251	0.0242978079914036	0.64866043731503	2	1
AX-91553928	3	1963116	0.139917695473251	0.0242978079914036	0.64866043731503	2	1
SNP265704	3	1964135	0.106995884773663	0.133413055745127	0.0108843869179621	A	G
SNP265705	3	1964140	0.170781893004115	-0.117080978078793	0.0472711895245358	C	T
SNP265706	3	1964161	0.201646090534979	-0.0663713993131501	0.205679144480243	T	C
SNP265708	3	1964431	0.279835390946502	0.0369353109171016	0.490349809220782	A	G
SNP265712	3	1964650	0.269547325102881	0.0479009957794379	0.394418173889422	A	G
AX-91553915	3	1965544	0.189300411522634	0.0286792118566838	0.603675070901434	2	1
AX-90794260	3	1966880	0.0740740740740741	-0.0856451163494226	0.111716531423518	2	1
SNP265718	3	1967831	0.205761316872428	0.0714363416028505	0.173605442576336	G	C
SNP265719	3	1967838	0.0493827160493827	0.0644907807118334	0.145901891125535	A	G
SNP265720	3	1967849	0.104938271604938	0.156513968803816	0.00420510078421904	C	T
AX-90794277	3	1967904	0.415637860082305	-0.0294790487951274	0.60588195490954	1	2
AX-91553936	3	1967929	0.41358024691358	-0.0265718292322802	0.641791501652741	1	2
AX-90794259	3	1968369	0.316872427983539	-0.00990692728744359	0.855941440085296	1	2
AX-90638671	3	1968480	0.168724279835391	0.0456157259139345	0.385921784169111	2	1
SNP265724	3	1968676	0.199588477366255	-0.0652738003639247	0.213082648285675	C	A
SNP265726	3	1968704	0.131687242798354	0.0235022291375441	0.660242291148427	T	C
AX-90643008	3	1968764	0.170781893004115	0.0320856689614979	0.540035337966682	2	1
SNP265727	3	1968782	0.292181069958848	-0.144641363835369	0.0152019543765222	T	C
SNP265728	3	1968839	0.504115226337449	-0.0920248602468108	0.0867115704499981	C	G
SNP265729	3	1968857	0.0905349794238683	-0.0121604328187041	0.841623636979558	G	C
SNP265731	3	1968868	0.323045267489712	0.00636675695449562	0.903273357643685	C	T
SNP265736	3	1968884	0.0864197530864198	-0.0188768281274963	0.737902861518485	T	A
AX-90600920	3	1968967	0.405349794238683	-0.0456265660569	0.39560308480685	2	1
SNP265737	3	1975903	0.390946502057613	-0.148075667772298	0.00578588879623177	C	T
AX-91382239	3	1975926	0.232510288065844	0.214080798264664	0.000161674697220499	2	1
SNP265738	3	1975926	0.246913580246914	0.197107939452825	0.000418580815608424	C	G
AX-91553911	3	1975971	0.203703703703704	-0.106608790775915	0.0405600972971417	1	2
AX-91442820	3	1976015	0.251028806584362	-0.0534650719998476	0.317483235113788	1	2
SNP265741	3	1976064	0.131687242798354	-0.172546376337074	0.00174629774609331	A	G
AX-91442819	3	1976066	0.156378600823045	-0.197691570137095	0.0005752366049356	2	1
SNP265742	3	1976066	0.131687242798354	-0.172546376337074	0.00174629774609331	T	C
SNP265744	3	1976364	0.263374485596708	-0.0196994027665581	0.712559627123301	T	C
SNP265745	3	1976416	0.0864197530864198	0.0296778445761779	0.541807976300503	T	A
SNP265746	3	1976421	0.0864197530864198	0.0296778445761779	0.541807976300503	T	C
SNP265747	3	1976422	0.0864197530864198	0.0296778445761779	0.541807976300503	T	C
SNP265748	3	1976424	0.0864197530864198	0.0296778445761779	0.541807976300503	T	C
SNP265749	3	1976426	0.0864197530864198	0.0296778445761779	0.541807976300503	T	A
SNP265751	3	1976429	0.0864197530864198	0.0296778445761779	0.541807976300503	C	T
AX-91387648	3	1976474	0.152263374485597	0.0375796410826849	0.481538740710436	2	1
SNP265756	3	1976523	0.139917695473251	0.0341245275549296	0.520252696494777	G	A
SNP265757	3	1976526	0.148148148148148	0.0271114654067524	0.606660279390655	A	G
SNP265758	3	1976530	0.224279835390947	-0.0656034623047017	0.231522374151356	C	T
SNP265759	3	1976540	0.0473251028806584	0.0871197165811535	0.0603634732694513	T	C
AX-91428897	3	1976567	0.493827160493827	-0.117651182685107	0.022730933850937	1	2
SNP265760	3	1976567	0.495884773662552	0.112337464714221	0.0342178956987319	T	C
AX-90624951	3	1976603	0.347736625514403	0.159951467190605	0.00353596220106982	2	1
SNP265761	3	1976603	0.349794238683128	0.153524629915685	0.00500072557783109	G	A
AX-90624952	3	1976636	0.148148148148148	-0.00811398475090963	0.873569231402029	2	1
SNP265762	3	1976636	0.131687242798354	-0.00685131261821233	0.894069696252077	G	A
SNP265769	3	1976834	0.205761316872428	-0.00420433021017472	0.936633111149132	G	A
AX-90794263	3	1977164	0.465020576131687	-0.0888040603424741	0.113982046356566	2	1
AX-90624271	3	1977909	0.148148148148148	0.0163015354989996	0.760651677372878	2	1
PZE-103001968	3	1978736	0.44238683127572	0.215396927284394	3.59154133868716e-05	C	T
AX-90578652	3	1978922	0.288065843621399	0.0128598047210461	0.806152570858039	2	1
AX-91553934	3	1979304	0.38477366255144	0.116304614627199	0.0329443232762796	2	1
SNP265773	3	1980939	0.504115226337449	0.0610998540023969	0.269267492363035	T	A
SNP265774	3	1980945	0.0699588477366255	0.000126381365960827	0.998131253415788	C	G
SNP265775	3	1980946	0.174897119341564	-0.0433168261794673	0.394739222821393	C	G
SNP265777	3	1980950	0.366255144032922	0.0889179347085857	0.10922188540716	C	G
AX-91213248	3	1997925	0.477366255144033	-0.0726030781016541	0.183106575643684	1	2
AX-91847044	3	1998852	0.38477366255144	0.0790606890809124	0.15923418574634	2	1
AX-91553927	3	1999475	0.409465020576132	-0.0746972452381518	0.183608111336569	1	2
AX-90794279	3	2001035	0.376543209876543	0.119664662125696	0.0286430378541043	2	1
SNP265788	3	2001653	0.407407407407407	0.10840714282186	0.0451188877553127	T	C
SNP265790	3	2001661	0.452674897119342	0.0871444361981214	0.0988959311774051	C	G
SNP265791	3	2001663	0.452674897119342	0.0871444361981214	0.0988959311774051	T	G
SNP265792	3	2001664	0.452674897119342	0.0871444361981214	0.0988959311774051	A	T
SNP265793	3	2001681	0.407407407407407	0.10840714282186	0.0451188877553127	T	A
SNP265795	3	2001684	0.497942386831276	0.0627332216883677	0.228807778707083	T	G
SNP265798	3	2001687	0.407407407407407	0.10840714282186	0.0451188877553127	T	G
SNP265799	3	2001688	0.477366255144033	0.117670194984279	0.0313928769905347	T	G
SNP265800	3	2001689	0.493827160493827	-0.0950818995336007	0.0840925095890287	G	C
SNP265801	3	2001690	0.502057613168724	-0.102922794548665	0.0597771235794933	G	A
SNP265816	3	2002195	0.230452674897119	-0.0426527782227254	0.453969879643215	T	C
SNP265819	3	2002216	0.37037037037037	-0.0452016440205767	0.388814516042333	A	G
SNP265820	3	2002221	0.230452674897119	-0.0426527782227254	0.453969879643215	C	T
AX-91847045	3	2003033	0.207818930041152	-0.00881104510248141	0.872281052044456	1	2
AX-90794280	3	2004450	0.0987654320987654	-0.0450492276297411	0.416756250980524	2	1
AX-90794313	3	2004942	0.434156378600823	0.0270098259877534	0.613269210702478	2	1
AX-90794314	3	2005208	0.378600823045268	-0.0245994764726341	0.647333035626471	2	1
AX-91553943	3	2005761	0.246913580246914	0.05475105283719	0.325482884947348	2	1
AX-91553950	3	2060616	0.333333333333333	-0.00372242109381409	0.944146012262492	2	1
SNP265842	3	2061209	0.292181069958848	0.021504455245235	0.688389653444567	C	T
SNP265844	3	2061263	0.0781893004115226	-0.0360503320205815	0.523463407892725	T	C
SNP265845	3	2061384	0.137860082304527	0.0476227563037613	0.375916756780716	G	T
SNP265847	3	2061866	0.0967078189300411	-0.109589796789236	0.0678114903933283	G	T
SNP265850	3	2061898	0.487654320987654	-0.0552701546396079	0.321755520365819	G	A
SNP265851	3	2061908	0.327160493827161	-0.081538304153408	0.137702520170003	T	C
SNP265852	3	2061938	0.211934156378601	0.0770005134879479	0.150964673691922	A	G
SNP265854	3	2061967	0.255144032921811	0.117149804125355	0.0253050987610888	G	A
SNP265859	3	2062015	0.255144032921811	0.117149804125355	0.0253050987610888	A	G
SNP265860	3	2062049	0.448559670781893	0.0411285369961581	0.476940551964209	A	C
